777 2
0.5913007267329965 0.4724898663219487 
0.6828430174398611 0.4740368577143839 
0.6331648627838075 0.547030548110886 
0.6012440607625884 0.45297960879171384 
0.6311029476934231 0.554367408966438 
0.5944869438678331 0.5007365434500326 
0.644669460114463 0.44909045878795273 
0.6398723067479362 0.5612429082837359 
0.615677406908717 0.47299587663229326 
0.5881011727422985 0.5417591975526896 
0.6322833856276083 0.4689395657596297 
0.6122693934972094 0.49370185423362717 
0.6173180231729435 0.43757959165029764 
0.6493616670673249 0.494357147043684 
0.6688562436641973 0.5075554034275614 
0.6043384434859527 0.459373884176759 
0.6202756300302799 0.5154414319033434 
0.61677228834601 0.46900860324167354 
0.6338689774450165 0.5806164142532749 
0.591498496180765 0.569151501267003 
0.6924741117232484 0.4587537674014693 
0.6447769245128245 0.502236895883293 
0.6079996112642697 0.41195896259243825 
0.6184162769168691 0.49666087954804433 
0.6251295612776856 0.5253987780057916 
0.5455678886630101 0.5014201452874183 
0.5902627929666895 0.4540964406483334 
0.6024670906137873 0.5481094331737838 
0.5361420605393769 0.5767750347111299 
0.6088531936801675 0.5051940257116149 
0.6465455023881617 0.45939272266559444 
0.5843642882147326 0.42945050272517965 
0.5996973295497282 0.5023232932080777 
0.6210599256844318 0.48737155481347527 
0.6161563014985404 0.5012840062512556 
0.5586199883526607 0.4876106333229836 
0.5996610593434923 0.552998063167877 
0.5981870110321862 0.5084770976312688 
0.6578295595136292 0.44193067642030237 
0.6153755216416843 0.5089498252293885 
0.6247136196384586 0.5494694461753694 
0.582046203164661 0.504934723305656 
0.5978256401482932 0.5454848091910545 
0.5675313931915379 0.4916928318321773 
0.6595055287701506 0.5159674646681924 
0.6490500466248794 0.5180047729119744 
0.5854932803481636 0.4852623120433819 
0.5524430152468074 0.448224673863392 
0.5817778701946389 0.4714988455547022 
0.6529652224898002 0.4977224641263734 
0.5980068495557274 0.5369641162681191 
0.6715949100453001 0.4974980646275544 
0.6839964604556367 0.5426260914931043 
0.6044819771037249 0.4674823734599345 
0.6223873686554652 0.5094677411592446 
0.6304338651561013 0.5877345227786852 
0.6332749650732207 0.5517151398719041 
0.5938152278370664 0.5342465456491504 
0.6456631556757414 0.5733695649346283 
0.5987609639848075 0.4724803317823145 
0.6088299357833127 0.47517624697631833 
0.5843824487352196 0.5283426186657324 
0.5249822466000977 0.4861298958434102 
0.5961529813587513 0.4850574700377429 
0.5898396546206409 0.508079431807015 
0.6179817637694462 0.49407810791131945 
0.6139468794895812 0.45262730181912114 
0.6581634257997956 0.501510970154475 
0.5559445576662163 0.5357530789858692 
0.6067427697368221 0.4742469103378652 
0.5839610040580344 0.5234983934851787 
0.701026319132914 0.4891079825523883 
0.6488338283880138 0.5539785615886075 
0.6584274052103525 0.5184066347402633 
0.6002782900392848 0.48298230366417183 
0.6088268416657879 0.4827579259296053 
0.6219085536276686 0.5175601145322569 
0.551591055926713 0.4836910546090279 
0.6032303430289946 0.4285072111454161 
0.6082679899452579 0.5098110532878795 
0.5573018070517614 0.548589658908676 
0.5320263373381007 0.5262373534621624 
0.6689977644509785 0.4675357819925415 
0.621967191377265 0.5530501726561761 
0.6331397406334431 0.5222298294228905 
0.5762520671490317 0.5065636450871815 
0.5974483270571298 0.46956924575484404 
0.6478170219146479 0.47280947588766664 
0.5612919080311626 0.5353302299605773 
0.6276502286088201 0.5066918157060709 
0.5873195882007419 0.4690508825913651 
0.5355077904115434 0.48959879970178694 
0.6252623896844577 0.46024431083788325 
0.5724273399086025 0.5225353750421203 
0.6203949840319029 0.47795542444002936 
0.5790239979742311 0.5580100695920143 
0.6397992791671087 0.48083905666394217 
0.6499301219243605 0.4960965286759023 
0.6148173233081243 0.4809754706748281 
0.598125557380119 0.5347479445392216 
0.5560276018071351 0.5256324099800692 
0.6371982366257184 0.4741806798208772 
0.6628286538125362 0.502124677667473 
0.5999820976619987 0.5111081464657304 
0.5521087443164594 0.4947706217301561 
0.6298268911432612 0.543868138045797 
0.570592714241535 0.46612003828815324 
0.6009894761591213 0.4734333666119428 
0.6227081840563604 0.4787089083466584 
0.5646366932511757 0.4217647300137433 
0.5759038307039508 0.46119946955659574 
0.6580585264624098 0.48095964821055653 
0.6127356426956341 0.5097060657414135 
0.6149670976175219 0.4649149699164957 
0.5384929528795002 0.42947506866264556 
0.6182704121791692 0.4966924834815623 
0.6050483675349562 0.48164202556376595 
0.6360852183597374 0.4688474047858774 
0.5358552703543117 0.48315125751554816 
0.5951830483394666 0.5145543793343209 
0.6255323239674123 0.5069029620408512 
0.5987391171148089 0.48810434077472026 
0.6374329100141104 0.4519190476035474 
0.5674366167421593 0.48505322987294114 
0.6270134548830102 0.49669603550694424 
0.6343188935328512 0.49772161495581385 
0.6020339458707568 0.5432386471494793 
0.6049890435587376 0.5032377038060458 
0.6139360466428754 0.46983851031345736 
0.6231961991018615 0.5463234298056338 
0.6174597578290388 0.4627788640923534 
0.5953260730615857 0.4735257869208324 
0.5852932706146469 0.5351015864857404 
0.6360763821700729 0.5200393782222129 
0.633053935870195 0.48418487167405605 
0.5865460176756891 0.5478432889050503 
0.6554512514544917 0.49629213862031313 
0.5873340778658735 0.423908597514978 
0.614210775039728 0.5202292062022491 
0.6206918490707944 0.48537833257329405 
0.6156709545901007 0.6116027891098621 
0.6452355366736404 0.4748542502362771 
0.6345342438681792 0.5487313260366293 
0.5858834253227039 0.49782695342200556 
0.5642417666812123 0.5272467878569644 
0.5943368277855898 0.5204276734125756 
0.6618305323148641 0.49598119550695025 
0.566501669033466 0.45529644362898547 
0.6352993113860919 0.49405957563953273 
0.6095206418867433 0.4914082188891072 
0.5965554700177289 0.5365336575614597 
0.6142634904643596 0.4900133029355251 
0.5959491237853427 0.4715170081585057 
0.6614861768953149 0.47832222388891504 
0.6067193142386041 0.4932723007285567 
0.5995170156286019 0.46948033008521606 
0.6445431494389302 0.5171877482906639 
0.6100366156482424 0.4748608829119069 
0.6534124107608423 0.5495697135843194 
0.5989859012874595 0.4796782050368536 
0.6335307658033479 0.5212024624380016 
0.581818108038212 0.48527390847094165 
0.5493092724503509 0.4595421315841456 
0.6184260059256171 0.50930331571263 
0.5958760026391022 0.4115050277785708 
0.6117636138395275 0.49397295800496405 
0.6075972929569523 0.5396804023761269 
0.5666727586453789 0.5201771733291247 
0.6490037522450225 0.534688399037691 
0.5801432412665875 0.48066011507662815 
0.5948249981291055 0.5712744422462817 
0.5797453651150369 0.5475972135552235 
0.6436903815049586 0.48574997635357253 
0.5999799181773172 0.4726612404950985 
0.6384603553052943 0.5000571068482942 
0.6248742605025792 0.4542513124498607 
0.5203059505147605 0.47186585928800007 
0.6346055733754394 0.4749771349125111 
0.6637716343072317 0.480761215399389 
0.622514057542699 0.5193906043696421 
0.6409533455943695 0.5082709294088581 
0.5825697543263625 0.540378539409519 
0.6068586927032297 0.47033143544873257 
0.5961680282750959 0.5262837880856699 
0.6220417608254564 0.48956246156062827 
0.5773420111172872 0.4810059404329064 
0.5830058263617925 0.4909747314648374 
0.572627560711846 0.5002498341705216 
0.5674964176890962 0.5430630888581692 
0.5363520185624974 0.5144709474401681 
0.6805474042949028 0.49448371005734654 
0.5730885309686568 0.5746445644924223 
0.6142247762721538 0.5018912824665107 
0.5752177651452134 0.5682065898567024 
0.6899325229385465 0.5449934000033823 
0.6145931872055241 0.469684909481858 
0.6355958220008961 0.5470285858151895 
0.5881826311738384 0.4450514993834803 
0.5775459706684439 0.5113649974167288 
0.6039210415220548 0.4978134327687807 
0.6051827722274656 0.49586875446291584 
0.5651908019241427 0.4946290279068018 
0.6135048633904593 0.5249992806862716 
0.6127006023028253 0.5464709903678872 
0.578071526665828 0.476770646519686 
0.6006720175122426 0.5040553125384801 
0.5719498654519376 0.5162610099416889 
0.6457034717735561 0.4759114415582326 
0.6345063105606932 0.5238477719810909 
0.5929416286740405 0.5533021134326381 
0.5831916181465693 0.4782351257733428 
0.6034961223256222 0.4765361771015048 
0.5887362204268167 0.44874190801750186 
0.6228596422380159 0.4932159025846688 
0.5226732148991164 0.49484789685112734 
0.5835140453920262 0.4935158606059667 
0.5688971658463086 0.44046734299260837 
0.6090853973584134 0.5009508564411562 
0.5513086781425426 0.43243363961791786 
0.609845202689955 0.4611526199383763 
0.6005987700885084 0.5454127675187856 
0.641487148913895 0.46929078442038863 
0.6010450906924625 0.4772210329593619 
0.641868781788469 0.4648849513729083 
0.602584730879879 0.4811759799145586 
0.6253528920578143 0.455536544166014 
0.6193770877379362 0.45652601833539475 
0.5568750906384328 0.5207406237627085 
0.5776857066788504 0.5070729666833048 
0.5950840285563002 0.4793103981679634 
0.5489140511826125 0.5459955254046505 
0.5591308972964829 0.4831436443181236 
0.6145169674407486 0.49414477266604784 
0.6123108200167365 0.45350821385829065 
0.5843516257726374 0.44851738790435025 
0.5814090243702815 0.48391436752618955 
0.5688799503386813 0.5325223070920261 
0.6017997356641439 0.5360168143904126 
0.5751840372970266 0.47038529127670425 
0.5849947678985457 0.5132398872561764 
0.6137992940481929 0.4119883909672554 
0.5494255986755562 0.516364720681274 
0.605755236996203 0.4373177742826642 
0.6333568414419385 0.4789519347234967 
0.5949234796594741 0.476863860663535 
0.5854183466927103 0.42769166321997587 
0.5918156083491916 0.4987273562103123 
0.6884040414521936 0.5128219851714806 
0.6546743868564862 0.44425950334211306 
0.6085052524142365 0.4673953296863553 
0.5669277672880567 0.5052389609270378 
0.548838572542046 0.5239516493437094 
0.5614186328711491 0.45371377758104975 
0.5864911136172286 0.441232505666474 
0.5976672843793146 0.47445634747501425 
0.5688384595739281 0.4864982305085308 
0.6120656901883935 0.4505207101820771 
0.5803353220612716 0.4909669094154404 
0.5743691645768843 0.5616837867250016 
0.5793898682884433 0.47226219180343365 
0.5997461457864447 0.5291076824349291 
0.5704585782001893 0.4844562994396341 
0.5846633793621886 0.51811987418982 
0.6389127052006899 0.5394545223099106 
0.6357952286052233 0.4934043554155116 
0.6529049457810151 0.44962098544413964 
0.6263827985347566 0.5406606732856534 
0.6069885489513068 0.5098718720230508 
0.5870872120543053 0.4751737031835393 
0.5966634370556261 0.4897877607048935 
0.6207189062785087 0.4971584973939846 
0.6300426698234317 0.5223675190792424 
0.6187979282816234 0.5574202131070578 
0.6026067966999558 0.4687748550358519 
0.5920843317554236 0.5037050833499095 
0.6362285046810425 0.5682272461075437 
0.6894369619017675 0.4928644036092286 
0.565091265932809 0.4532145733998263 
0.6056697345726761 0.5399567371635601 
0.5756385198971151 0.46759849289281685 
0.6111713530538533 0.5333127983624025 
0.5863832069085853 0.47967518935747633 
0.6256531353338853 0.5091104360180813 
0.6264591403056804 0.5466058659307093 
0.6614919235836894 0.5081925527043345 
0.5717413744374827 0.5522393597687145 
0.5868415606452108 0.5005857653490106 
0.6065070530004965 0.5057648766432264 
0.5933108973909531 0.5426078130298069 
0.5605490612139089 0.46056878479232405 
0.5991997660459198 0.488258274834897 
0.6037945720905383 0.4354490113502265 
0.5749101005848651 0.5213649443679551 
0.632985101126413 0.5226070078739962 
0.6132338181714435 0.49981020272781673 
0.6347048932391831 0.496623286826546 
0.5786764816496536 0.5145005286979613 
0.6089330607637393 0.5218101072867659 
0.6372462976278275 0.5016858509745965 
0.6273568522086374 0.45994122817618516 
0.5143967170186767 0.48045446727387425 
0.5825260829548402 0.48882017001224304 
0.5625674799893216 0.5276674452259241 
0.6497873829682113 0.5624359055142965 
0.6274075936162946 0.4899831831405677 
0.5628740666906326 0.5415201858998993 
0.6311731369720104 0.5552150739297438 
0.6001719830977291 0.49934849413399024 
0.5990853217400658 0.5090163152271396 
0.5544082144690277 0.4765716630725484 
0.5529371104263747 0.535472224469184 
0.5924465913388368 0.5069682387905736 
0.612446723406652 0.4396164785749914 
0.5330497608664106 0.5360598911436695 
0.6000892104125515 0.5279063051795767 
0.511106680489779 0.5015717374625509 
0.631673934236395 0.46027932417857087 
0.6160392753885477 0.5171522945295447 
0.5885255497936802 0.5098805509558196 
0.5943814987280084 0.523116163340265 
0.5777204729263976 0.544965326082039 
0.5836888938294974 0.48910716466208354 
0.6309048357039069 0.5165245247901646 
0.60333599299307 0.4858245446064648 
0.6290964312534117 0.5390425785585401 
0.5864567199869503 0.5023142493594175 
0.5928624229991535 0.48551957127672046 
0.6020913226512404 0.541676637362868 
0.6435855155069851 0.5102784451504783 
0.6336331896617757 0.5749165591590312 
0.5553002579317828 0.4680283351809774 
0.5416173536547094 0.5201047066023136 
0.6628295763263541 0.39999019744348013 
0.6009833616018951 0.4640223228237248 
0.5909417129615625 0.5084516648982206 
0.6230138582635397 0.47915267594197286 
0.5843782298274073 0.49672068051045176 
0.6023151657688696 0.4890429023974875 
0.5843755499579605 0.49006258423311927 
0.6358300744690709 0.46514601495312957 
0.5828950865276726 0.4486828305928688 
0.5877227990743146 0.4985408541714513 
0.5850953154870475 0.5191337189543892 
0.5568828162645548 0.46106070654715275 
0.600996355953508 0.526654096165156 
0.6969726669976807 0.5308415473460746 
0.5959561036748007 0.45583177284984533 
0.5333218410031008 0.4936456924330357 
0.5477801263644845 0.5465064815889227 
0.5766241596094633 0.48981605044867776 
0.6133275505905779 0.401371398290645 
0.632189953525668 0.430712670559495 
0.5718012046822529 0.52127757523475 
0.5805016635432312 0.4969477413893053 
0.6077469168824139 0.48700991593312265 
0.6081047800739943 0.49614382692870423 
0.6146039475022299 0.4143836597440196 
0.5651116630686427 0.49716944500926236 
0.6146823057528558 0.4524742074911918 
0.6621225383028583 0.4772815739535674 
0.6222660826685806 0.4466866995620974 
0.6127685732122513 0.5016153891311451 
0.6059598531595395 0.4780401434399685 
0.5380016331394988 0.5037906545611743 
0.5616783624160235 0.509047611383618 
0.6173377417941361 0.46601173339870167 
0.6253980403639428 0.5178337775162994 
0.5660439674111595 0.42628159740581045 
0.6007490504963352 0.5153781652460775 
0.580309247355772 0.5277116077911723 
0.59887578765974 0.48521214082430103 
0.6132696413570172 0.5090210519560634 
0.6061910517661707 0.43396014283941303 
0.6169865448985735 0.5127840402263163 
0.600860944034743 0.49107368866589746 
0.5664392645662295 0.5341563160350895 
0.6020375823312194 0.5152202602037156 
0.5992983879374222 0.4565142090444123 
0.5494866569974852 0.5457544763197941 
0.5686979830256782 0.5043696635719912 
0.6706334180215299 0.4762647867031569 
0.5767854795388093 0.48882662723831166 
0.5501187608684848 0.4679437533056923 
0.6387589501990278 0.4650912983055188 
0.6126654398636003 0.5202403860300883 
0.6126971872432079 0.5612182113457258 
0.617615542482584 0.4705468881722493 
0.555906408013076 0.5540624709894477 
0.6102125095723437 0.5132101936235766 
0.5792940573858621 0.5334094891429279 
0.6442212987266006 0.48816977319264804 
0.5984046342677813 0.5139182307581102 
0.652131756535542 0.4885234084242836 
0.5984140554507716 0.5084672063795932 
0.5768287821033531 0.4804727278510599 
0.5902570315365882 0.5022611057485735 
0.6082877007913379 0.5169890906356587 
0.6584180699388364 0.5150204015058574 
0.5962021829743408 0.5008613510577126 
0.6227909743023543 0.5491446147550687 
0.5924530727345585 0.44344149316366666 
0.5954497444855903 0.5565313605746134 
0.6066468925116203 0.4560215349590211 
0.5675127376956561 0.5148723217659081 
0.6318857629947132 0.4515032620478048 
0.5806980947881683 0.5109171244400549 
0.5147466515024859 0.46713537702151653 
0.5809103847084911 0.5134836664635493 
0.5919836892828586 0.5075434244797083 
0.6017461362017165 0.5420525149930642 
0.5492194019569628 0.44200797612190446 
0.5690932262739263 0.4677745142087074 
0.5740136057743169 0.4841547919886068 
0.6641329640617385 0.4968531586922522 
0.61279928209248 0.5548185435875478 
0.65796981179612 0.49537567952934836 
0.5742844028338224 0.4843771127252373 
0.5622146431461474 0.4885414961015866 
0.5848683460927171 0.5394434967300099 
0.6014968253587528 0.4712054092651315 
0.5969386213811972 0.484619690598562 
0.5740346469750582 0.4904736583525668 
0.5698328029261045 0.4575854398813332 
0.6230594084142926 0.4825651724408576 
0.6429750752702935 0.5389754008011591 
0.6046848866473039 0.541671166239113 
0.586542133753345 0.4974035742291495 
0.5718355105583404 0.513655199543687 
0.5660714406845361 0.4662178898461649 
0.6071734359269576 0.5150769085647471 
0.6349363912048855 0.533137449476393 
0.5738507982099653 0.49557280903412815 
0.6547745689336731 0.46969094476762013 
0.609500299848149 0.5090800357543461 
0.6707059486515322 0.4882969809271935 
0.5705793478304558 0.5796494935905667 
0.560053636336025 0.5090636095905827 
0.615038041015799 0.46524673714700027 
0.5631493860533946 0.49821867532192954 
0.5849863074757764 0.447951965554578 
0.6306285527056235 0.4125128380566135 
0.6132509021614614 0.49143722905543624 
0.6388551285866685 0.5180401252211834 
0.5769477290683495 0.47288982741976787 
0.6258663173885919 0.4495248214942965 
0.5670757055499654 0.5404718124148699 
0.5794824139371122 0.4639207203126147 
0.6639152888606145 0.5421818911765783 
0.6434885533938464 0.4300310025555894 
0.5438172234080857 0.5106345029110647 
0.5915496158466019 0.4686801828384608 
0.6039230847957415 0.49355597865468626 
0.5340646780179334 0.4565076708717438 
0.5665615008373476 0.5648999068777507 
0.6282708115963311 0.4968264591146718 
0.6044909064107529 0.42199236244928506 
0.49220511558192803 0.5159426978029552 
0.6532641517067895 0.5181940531340575 
0.5987622005930618 0.5129782010229897 
0.5844805306608295 0.536684945603291 
0.5837875495692255 0.5457388623540982 
0.5818705606096187 0.5187531066368405 
0.5357999986915761 0.505987540566472 
0.6273107838239957 0.5092438850620323 
0.6986719166292545 0.46458562191690805 
0.6097989228916315 0.5213088784015097 
0.637549922050256 0.48628917804187016 
0.6237916088625046 0.47103063455656397 
0.6388256940158916 0.49868017393957215 
0.6247953869224908 0.4858884939638881 
0.6220100697201536 0.49279414354455775 
0.5585720662735478 0.5147857688699473 
0.6039013498749117 0.47985123816913355 
0.6080557079340491 0.5308537096141542 
0.590844556471324 0.5195153205774408 
0.6159759361307621 0.49973671792612845 
0.5845991931331123 0.5188949153154561 
0.6071030698522683 0.4990281489072771 
0.5769268040236262 0.4806591577697392 
0.6004720656506098 0.47049728950580294 
0.5934352933427047 0.48375413401902895 
0.6273081236730225 0.4290607233749182 
0.6307448599912774 0.5545177169666157 
0.5465002357271652 0.571639778184132 
0.5697478285945493 0.5132463498933478 
0.6270040811708238 0.5417390975111263 
0.6167018242411133 0.5445718667099316 
0.5524259642263168 0.44315366800885525 
0.583829071339601 0.445482657307692 
0.5620648055930739 0.5147866771862049 
0.5479415568148416 0.5112473959688317 
0.6041640077337129 0.49918278666995425 
0.6253435214150379 0.44718536056274233 
0.6609637725411043 0.48872762301400263 
0.5887222451910401 0.472963907013066 
0.6012963218104806 0.5019927185289589 
0.5969116970488197 0.5419567438054679 
0.5952709278431971 0.513429308032022 
0.6239830729945759 0.5085302283897192 
0.5871491724622229 0.5164555147439938 
0.6062334797160827 0.4438492948744784 
0.6731732049889096 0.5190061902527263 
0.6119870241485352 0.5260178700047092 
0.6174233239164985 0.5476002436444263 
0.6184753813034608 0.5308609645559553 
0.6445506831270831 0.5033946971663601 
0.604081070229222 0.5240616817919114 
0.5754437457157386 0.5244167428500538 
0.5725077274187265 0.4829374174567717 
0.6364026914421154 0.48312742082267696 
0.5946362279097034 0.5066857731683203 
0.6183595085984958 0.4829867480332394 
0.639543856550797 0.46330429669471973 
0.6623244146998541 0.5220322147434068 
0.6099294036906054 0.5414376849878609 
0.6000000881386643 0.5120533950602874 
0.5885424443277651 0.5229324869404584 
0.5715906740534983 0.4750272125690035 
0.5967712619380453 0.4792148219477999 
0.6295121903724888 0.5201894342705496 
0.6304430409276852 0.5084729521066409 
0.5692005532851644 0.4220761457059583 
0.5976460212853044 0.5100878685376597 
0.5646592651339014 0.4828682874708346 
0.5968292021035239 0.5369289173766152 
0.6188893884434779 0.5423663105111522 
0.6052924149220786 0.44311660716706286 
0.6073686565743848 0.4832504537104432 
0.574777878730295 0.44565987878265273 
0.5767672103019004 0.5395642765286515 
0.5987359518401163 0.49149691416429936 
0.5406215611011418 0.45139595303552804 
0.5737316450923798 0.48252571623919804 
0.6228838204634196 0.5515862540775603 
0.689631099348222 0.46397759170418207 
0.6177470018538037 0.5549151007537343 
0.5955215557997111 0.5303230132341551 
0.5373181358066912 0.5532722020781552 
0.5990832068575784 0.4503809010181874 
0.6088615194373131 0.5250263584742512 
0.6235981165206071 0.4730673539316975 
0.6463040733938895 0.569600524305221 
0.5657993510882185 0.522202740583018 
0.5957564529644477 0.5488309094766887 
0.5910110011537401 0.4860045508474074 
0.6053127091530633 0.48353932373189135 
0.6034723869360945 0.4750642597536608 
0.6148525732607105 0.5583172466952269 
0.592172800663655 0.5228546682353856 
0.5838792848554217 0.4386906470775778 
0.5868470751344147 0.4755615659188535 
0.6039573391887219 0.4876028765425877 
0.6017686129670806 0.5396500298106874 
0.5657009963451758 0.47926391435891424 
0.5830711090757045 0.4889309935529221 
0.5701006094981595 0.5106668338513487 
0.5539274612780132 0.5068428467843029 
0.6075963524208635 0.49387921840483934 
0.625627427846894 0.5475182679647612 
0.5843483577707718 0.4861992546809505 
0.6214938137731479 0.44729079687121687 
0.5506787305053615 0.5368995561005114 
0.6052356670562542 0.46853531085569244 
0.6227306732400826 0.5309436137552523 
0.6065925719106586 0.5252234319422852 
0.598998628378314 0.5406209746341566 
0.6127157253277227 0.5479645237068972 
0.5905925372599411 0.5257494507273727 
0.5789267305937322 0.49849386462328954 
0.5929952717683157 0.5158904952766078 
0.5922676375914028 0.5684471424352188 
0.5301056781368761 0.5290457022805966 
0.6510685021275118 0.49548499504096505 
0.604916363709045 0.5273469254036506 
0.6101866565961989 0.5102247669496535 
0.6705385882826719 0.5025367591243352 
0.6087030711233258 0.512688395275421 
0.583379155107081 0.5091688739948427 
0.5755598206614603 0.5069822482163323 
0.6868092605499803 0.504971776781709 
0.5812431807560154 0.5526512599250668 
0.6370297816104336 0.5032453325186955 
0.6112018129582476 0.519908959242093 
0.5748149935974238 0.4501816356450963 
0.6163255130748231 0.4456123101792568 
0.6217266573212719 0.4867027395746715 
0.6578908933556551 0.543329342183573 
0.6625841589459194 0.44486954754517627 
0.6332398705422054 0.5624540887348864 
0.6124107557336752 0.5396594527585241 
0.5951785725451302 0.4600391821671518 
0.6419564892491607 0.5526538556721816 
0.6011018263325394 0.40932638277430106 
0.6076159341989652 0.4868290995988796 
0.5961337334249448 0.41563584236489876 
0.6593926302123735 0.5290105372228696 
0.6361339695260896 0.5278119468930315 
0.5814854056901212 0.5024157877055452 
0.6231654256336144 0.5544913853394646 
0.5629019318993601 0.5400192267491343 
0.6488311650788728 0.45159702825863307 
0.5536444364091465 0.47103522367672523 
0.6784147377685157 0.4935100775329113 
0.5953130143230155 0.4898867151368688 
0.5428209102659384 0.4523049793661371 
0.6323927734125725 0.5050272425758116 
0.5515721164152859 0.5214736582169586 
0.567029050730861 0.5229477142608866 
0.6215110507360219 0.46956163237153975 
0.59364128539171 0.5036977841383783 
0.693879387437654 0.5371095925232516 
0.6236415359476909 0.5597816270701639 
0.6043290153522458 0.4660697581077685 
0.5430025932114907 0.47697333837943956 
0.5972443404761347 0.5159225011897889 
0.555615153860156 0.5002336080456975 
0.6101767949554091 0.46433635287868824 
0.590690141295472 0.4648600831001719 
0.6128923726419448 0.5373717185265162 
0.5849651468727349 0.48560598285790413 
0.6041364895820088 0.48620332963060503 
0.5661505991767041 0.5269773438510186 
0.5864252853308358 0.5139505547090978 
0.6246339413228542 0.5274146534165388 
0.5986985412418531 0.4523285962333088 
0.5915496569458837 0.5172845030534196 
0.6047446374916603 0.4798456844807133 
0.572731564434568 0.47832576784647796 
0.5605237754162736 0.5412993425320618 
0.6040635463239559 0.5567584767924121 
0.5858900772533037 0.5634280579648253 
0.6352534370062565 0.5356876946987044 
0.5066412115520303 0.4790811025215414 
0.6006793500473577 0.4964697874800446 
0.646484537538946 0.606893662006954 
0.5916630527313246 0.4675857911064886 
0.6145270082878759 0.4898118868706665 
0.5468121096122245 0.5166543983209982 
0.597989125343769 0.48541846689258006 
0.6039617349116827 0.4536056628114532 
0.5794240004146092 0.5187526354003493 
0.6159616353359585 0.5425719582831812 
0.5941449615444223 0.5082169742610528 
0.5846372087101628 0.4971037990349358 
0.579901462654833 0.4354985523666054 
0.571313749947524 0.4740462734173402 
0.5506863244878122 0.49759095010579985 
0.5874687137929822 0.4959827926215789 
0.5837560186853861 0.5308273776599179 
0.6268701351161204 0.49497529883105534 
0.6475277308104359 0.4884229747626957 
0.6119575206191712 0.4168670031479781 
0.5743671327703457 0.5185404055982665 
0.6232719074022194 0.45755940579610344 
0.6127503824384024 0.5047012571477522 
0.6949176513066968 0.5148181289753424 
0.6305643521613108 0.4892237592266064 
0.6024621433496424 0.47879660637622123 
0.6143590822667101 0.43862420619626724 
0.5627009753066 0.4850780236467692 
0.6384553467097879 0.43944363754195 
0.6064054106432112 0.5182457100214379 
0.5238617699925342 0.4643464115858535 
0.6035604154269176 0.5268451317066479 
0.5730330973256079 0.48297084897601267 
0.6171144817966006 0.4969741291010378 
0.6839165746856687 0.5195784991143473 
0.5787440295969508 0.470440961640824 
0.556910254676224 0.5630084205104106 
0.5382173554051437 0.46146159925647057 
0.5952896547164749 0.572896318182319 
0.6174813100190439 0.5087424514148682 
0.5315231623011568 0.48915668393276623 
0.6252732585896654 0.501383206505927 
0.6133315835326486 0.5233722329570558 
0.6000753872735125 0.48345669090620846 
0.595699201435769 0.4931706792867289 
0.6539336459787248 0.511769923725287 
0.618026896721354 0.4455214117048536 
0.5974990122778023 0.515930625319968 
0.5445382922199342 0.4880125537508447 
0.6247824800015209 0.5478270510689403 
0.5712481303173158 0.5261202262747711 
0.6122902516968931 0.5065232695909975 
0.6169535409004726 0.5382120652295423 
0.5581899108065758 0.5124749482651584 
0.5138912522813036 0.4694768136862251 
0.6444840783885817 0.5054042942077669 
0.5517415675426453 0.5154705047340485 
0.5912411091328609 0.5401120446911721 
0.6236469717173314 0.4794365166692775 
0.6010615773885588 0.4387698586194199 
0.6117595267209096 0.5107119703855623 
0.5777967633116539 0.46152312544263224 
0.6233309714627375 0.5260401219415105 
0.5775793483354401 0.49926735678890233 
0.5971392720736681 0.5893581591834031 
0.6223902295850445 0.5227732642494192 
0.5867697328077103 0.46861011114057205 
0.6244820515410113 0.47960401639586775 
0.8367751474131815 0.5571736188458176 
0.3275461552494209 0.060444795639787774 
0.24202407964148454 0.17503199037499095 
0.5510509542536873 0.21385071550984103 
0.6595533101396809 0.34107771625814454 
0.20040826598861772 0.3872947789132156 
0.41388282385175623 0.31099052580051745 
0.915285535482465 0.8400109630616418 
0.3696602564166829 0.4738004634893942 
0.5166107882680616 0.1780048271322462 
0.6841496092219099 0.4222566810493451 
0.7269156979695539 0.7553934415712954 
0.5659315752992669 0.5762595834899934 
0.8046197278769658 0.7295321848263912 
0.37505046398611264 0.7622190189229219 
0.7209485091490925 0.23577888106923006 
0.557070327358244 0.15998985401666543 
0.931030355124109 0.04716034450068407 
0.8419787803183733 0.06907605269175665 
0.4948166456198144 0.5148703606138498 
0.8586038809062184 0.01708235440390604 
0.28882355497872425 0.5474418746601983 
0.816185852470799 0.8359330918547035 
0.3162939747363802 0.8796007156003292 
0.18697212987044487 0.465165336095831 
0.6712299133967641 0.9062218463905446 
0.3871807061029914 0.40664369966688607 
0.5408474548109858 0.9124734631814463 
0.2984031927292624 0.9513327423150315 
0.7413580760396082 0.6181480449897868 
0.09749583417206698 0.5263018567307715 
0.6735809904747122 0.5723438886439599 
0.27023306818320647 0.7689268232028774 
0.25774356168970614 0.0840743207852851 
0.8724748326293137 0.22529143530966922 
0.36092801596161717 0.055046194251262004 
0.07232539913164393 0.8910809239619696 
0.4659740375789996 0.2927631240698739 
0.7577382160168404 0.16579905630642355 
0.8472488675481246 0.625273047922006 
0.5262474257452622 0.17492884018111676 
0.3165477232223547 0.413293719851914 
0.6869837563875173 0.829696434377673 
0.6814890995125265 0.8611139771478294 
0.999858718789511 0.4403868402252803 
0.41912087781778606 0.8645822391123351 
0.7527776181909868 0.17669867800721895 
0.7090551550244388 0.0026585655402570074 
0.434968721835265 0.17741486062957068 
0.8933005982214457 0.678419652481277 
0.7029922376682687 0.6517047766687464 
0.634063509076123 0.3460709644651301 
0.5557192688287107 0.8856627285105803 
0.5261394413527053 0.2224342030070554 
0.635547733487802 0.6702263768229885 
0.6871197321184194 0.8745416846052294 
0.3553486048456256 0.30040808829748866 
0.8964878819704671 0.5993843466771555 
0.11411249169164084 0.9608111906382902 
0.18378337544636492 0.5675231724588548 
0.2089929051387024 0.008691938950290634 
0.3763608589057106 0.2891884765936614 
0.17741968933290686 0.39336738504881763 
0.008875357965241415 0.07965541228651285 
0.2101817085443728 0.20955828760422845 
0.16947486027566527 0.8500978594424343 
0.9648556755446972 0.1722949895655672 
0.3117837181292229 0.730787559324575 
0.5786833423141723 0.6223039524676488 
0.7971116145001025 0.7454185907718688 
0.9309766689477451 0.5233307077073248 
0.9479243138258208 0.9985020608448941 
0.2373568810969724 0.7966449985606251 
0.6914645917759771 0.6121895118106007 
0.8716097720934198 0.2530123865335634 
0.45151231164655337 0.9545476508588541 
0.9056664414656367 0.32870575716517736 
