1777 2
0.5913007267329965 0.4724898663219487 
0.6828430174398611 0.4740368577143839 
0.6331648627838075 0.547030548110886 
0.6012440607625884 0.45297960879171384 
0.6311029476934231 0.554367408966438 
0.5944869438678331 0.5007365434500326 
0.644669460114463 0.44909045878795273 
0.6398723067479362 0.5612429082837359 
0.615677406908717 0.47299587663229326 
0.5881011727422985 0.5417591975526896 
0.6322833856276083 0.4689395657596297 
0.6122693934972094 0.49370185423362717 
0.6173180231729435 0.43757959165029764 
0.6493616670673249 0.494357147043684 
0.6688562436641973 0.5075554034275614 
0.6043384434859527 0.459373884176759 
0.6202756300302799 0.5154414319033434 
0.61677228834601 0.46900860324167354 
0.6338689774450165 0.5806164142532749 
0.591498496180765 0.569151501267003 
0.6924741117232484 0.4587537674014693 
0.6447769245128245 0.502236895883293 
0.6079996112642697 0.41195896259243825 
0.6184162769168691 0.49666087954804433 
0.6251295612776856 0.5253987780057916 
0.5455678886630101 0.5014201452874183 
0.5902627929666895 0.4540964406483334 
0.6024670906137873 0.5481094331737838 
0.5361420605393769 0.5767750347111299 
0.6088531936801675 0.5051940257116149 
0.6465455023881617 0.45939272266559444 
0.5843642882147326 0.42945050272517965 
0.5996973295497282 0.5023232932080777 
0.6210599256844318 0.48737155481347527 
0.6161563014985404 0.5012840062512556 
0.5586199883526607 0.4876106333229836 
0.5996610593434923 0.552998063167877 
0.5981870110321862 0.5084770976312688 
0.6578295595136292 0.44193067642030237 
0.6153755216416843 0.5089498252293885 
0.6247136196384586 0.5494694461753694 
0.582046203164661 0.504934723305656 
0.5978256401482932 0.5454848091910545 
0.5675313931915379 0.4916928318321773 
0.6595055287701506 0.5159674646681924 
0.6490500466248794 0.5180047729119744 
0.5854932803481636 0.4852623120433819 
0.5524430152468074 0.448224673863392 
0.5817778701946389 0.4714988455547022 
0.6529652224898002 0.4977224641263734 
0.5980068495557274 0.5369641162681191 
0.6715949100453001 0.4974980646275544 
0.6839964604556367 0.5426260914931043 
0.6044819771037249 0.4674823734599345 
0.6223873686554652 0.5094677411592446 
0.6304338651561013 0.5877345227786852 
0.6332749650732207 0.5517151398719041 
0.5938152278370664 0.5342465456491504 
0.6456631556757414 0.5733695649346283 
0.5987609639848075 0.4724803317823145 
0.6088299357833127 0.47517624697631833 
0.5843824487352196 0.5283426186657324 
0.5249822466000977 0.4861298958434102 
0.5961529813587513 0.4850574700377429 
0.5898396546206409 0.508079431807015 
0.6179817637694462 0.49407810791131945 
0.6139468794895812 0.45262730181912114 
0.6581634257997956 0.501510970154475 
0.5559445576662163 0.5357530789858692 
0.6067427697368221 0.4742469103378652 
0.5839610040580344 0.5234983934851787 
0.701026319132914 0.4891079825523883 
0.6488338283880138 0.5539785615886075 
0.6584274052103525 0.5184066347402633 
0.6002782900392848 0.48298230366417183 
0.6088268416657879 0.4827579259296053 
0.6219085536276686 0.5175601145322569 
0.551591055926713 0.4836910546090279 
0.6032303430289946 0.4285072111454161 
0.6082679899452579 0.5098110532878795 
0.5573018070517614 0.548589658908676 
0.5320263373381007 0.5262373534621624 
0.6689977644509785 0.4675357819925415 
0.621967191377265 0.5530501726561761 
0.6331397406334431 0.5222298294228905 
0.5762520671490317 0.5065636450871815 
0.5974483270571298 0.46956924575484404 
0.6478170219146479 0.47280947588766664 
0.5612919080311626 0.5353302299605773 
0.6276502286088201 0.5066918157060709 
0.5873195882007419 0.4690508825913651 
0.5355077904115434 0.48959879970178694 
0.6252623896844577 0.46024431083788325 
0.5724273399086025 0.5225353750421203 
0.6203949840319029 0.47795542444002936 
0.5790239979742311 0.5580100695920143 
0.6397992791671087 0.48083905666394217 
0.6499301219243605 0.4960965286759023 
0.6148173233081243 0.4809754706748281 
0.598125557380119 0.5347479445392216 
0.5560276018071351 0.5256324099800692 
0.6371982366257184 0.4741806798208772 
0.6628286538125362 0.502124677667473 
0.5999820976619987 0.5111081464657304 
0.5521087443164594 0.4947706217301561 
0.6298268911432612 0.543868138045797 
0.570592714241535 0.46612003828815324 
0.6009894761591213 0.4734333666119428 
0.6227081840563604 0.4787089083466584 
0.5646366932511757 0.4217647300137433 
0.5759038307039508 0.46119946955659574 
0.6580585264624098 0.48095964821055653 
0.6127356426956341 0.5097060657414135 
0.6149670976175219 0.4649149699164957 
0.5384929528795002 0.42947506866264556 
0.6182704121791692 0.4966924834815623 
0.6050483675349562 0.48164202556376595 
0.6360852183597374 0.4688474047858774 
0.5358552703543117 0.48315125751554816 
0.5951830483394666 0.5145543793343209 
0.6255323239674123 0.5069029620408512 
0.5987391171148089 0.48810434077472026 
0.6374329100141104 0.4519190476035474 
0.5674366167421593 0.48505322987294114 
0.6270134548830102 0.49669603550694424 
0.6343188935328512 0.49772161495581385 
0.6020339458707568 0.5432386471494793 
0.6049890435587376 0.5032377038060458 
0.6139360466428754 0.46983851031345736 
0.6231961991018615 0.5463234298056338 
0.6174597578290388 0.4627788640923534 
0.5953260730615857 0.4735257869208324 
0.5852932706146469 0.5351015864857404 
0.6360763821700729 0.5200393782222129 
0.633053935870195 0.48418487167405605 
0.5865460176756891 0.5478432889050503 
0.6554512514544917 0.49629213862031313 
0.5873340778658735 0.423908597514978 
0.614210775039728 0.5202292062022491 
0.6206918490707944 0.48537833257329405 
0.6156709545901007 0.6116027891098621 
0.6452355366736404 0.4748542502362771 
0.6345342438681792 0.5487313260366293 
0.5858834253227039 0.49782695342200556 
0.5642417666812123 0.5272467878569644 
0.5943368277855898 0.5204276734125756 
0.6618305323148641 0.49598119550695025 
0.566501669033466 0.45529644362898547 
0.6352993113860919 0.49405957563953273 
0.6095206418867433 0.4914082188891072 
0.5965554700177289 0.5365336575614597 
0.6142634904643596 0.4900133029355251 
0.5959491237853427 0.4715170081585057 
0.6614861768953149 0.47832222388891504 
0.6067193142386041 0.4932723007285567 
0.5995170156286019 0.46948033008521606 
0.6445431494389302 0.5171877482906639 
0.6100366156482424 0.4748608829119069 
0.6534124107608423 0.5495697135843194 
0.5989859012874595 0.4796782050368536 
0.6335307658033479 0.5212024624380016 
0.581818108038212 0.48527390847094165 
0.5493092724503509 0.4595421315841456 
0.6184260059256171 0.50930331571263 
0.5958760026391022 0.4115050277785708 
0.6117636138395275 0.49397295800496405 
0.6075972929569523 0.5396804023761269 
0.5666727586453789 0.5201771733291247 
0.6490037522450225 0.534688399037691 
0.5801432412665875 0.48066011507662815 
0.5948249981291055 0.5712744422462817 
0.5797453651150369 0.5475972135552235 
0.6436903815049586 0.48574997635357253 
0.5999799181773172 0.4726612404950985 
0.6384603553052943 0.5000571068482942 
0.6248742605025792 0.4542513124498607 
0.5203059505147605 0.47186585928800007 
0.6346055733754394 0.4749771349125111 
0.6637716343072317 0.480761215399389 
0.622514057542699 0.5193906043696421 
0.6409533455943695 0.5082709294088581 
0.5825697543263625 0.540378539409519 
0.6068586927032297 0.47033143544873257 
0.5961680282750959 0.5262837880856699 
0.6220417608254564 0.48956246156062827 
0.5773420111172872 0.4810059404329064 
0.5830058263617925 0.4909747314648374 
0.572627560711846 0.5002498341705216 
0.5674964176890962 0.5430630888581692 
0.5363520185624974 0.5144709474401681 
0.6805474042949028 0.49448371005734654 
0.5730885309686568 0.5746445644924223 
0.6142247762721538 0.5018912824665107 
0.5752177651452134 0.5682065898567024 
0.6899325229385465 0.5449934000033823 
0.6145931872055241 0.469684909481858 
0.6355958220008961 0.5470285858151895 
0.5881826311738384 0.4450514993834803 
0.5775459706684439 0.5113649974167288 
0.6039210415220548 0.4978134327687807 
0.6051827722274656 0.49586875446291584 
0.5651908019241427 0.4946290279068018 
0.6135048633904593 0.5249992806862716 
0.6127006023028253 0.5464709903678872 
0.578071526665828 0.476770646519686 
0.6006720175122426 0.5040553125384801 
0.5719498654519376 0.5162610099416889 
0.6457034717735561 0.4759114415582326 
0.6345063105606932 0.5238477719810909 
0.5929416286740405 0.5533021134326381 
0.5831916181465693 0.4782351257733428 
0.6034961223256222 0.4765361771015048 
0.5887362204268167 0.44874190801750186 
0.6228596422380159 0.4932159025846688 
0.5226732148991164 0.49484789685112734 
0.5835140453920262 0.4935158606059667 
0.5688971658463086 0.44046734299260837 
0.6090853973584134 0.5009508564411562 
0.5513086781425426 0.43243363961791786 
0.609845202689955 0.4611526199383763 
0.6005987700885084 0.5454127675187856 
0.641487148913895 0.46929078442038863 
0.6010450906924625 0.4772210329593619 
0.641868781788469 0.4648849513729083 
0.602584730879879 0.4811759799145586 
0.6253528920578143 0.455536544166014 
0.6193770877379362 0.45652601833539475 
0.5568750906384328 0.5207406237627085 
0.5776857066788504 0.5070729666833048 
0.5950840285563002 0.4793103981679634 
0.5489140511826125 0.5459955254046505 
0.5591308972964829 0.4831436443181236 
0.6145169674407486 0.49414477266604784 
0.6123108200167365 0.45350821385829065 
0.5843516257726374 0.44851738790435025 
0.5814090243702815 0.48391436752618955 
0.5688799503386813 0.5325223070920261 
0.6017997356641439 0.5360168143904126 
0.5751840372970266 0.47038529127670425 
0.5849947678985457 0.5132398872561764 
0.6137992940481929 0.4119883909672554 
0.5494255986755562 0.516364720681274 
0.605755236996203 0.4373177742826642 
0.6333568414419385 0.4789519347234967 
0.5949234796594741 0.476863860663535 
0.5854183466927103 0.42769166321997587 
0.5918156083491916 0.4987273562103123 
0.6884040414521936 0.5128219851714806 
0.6546743868564862 0.44425950334211306 
0.6085052524142365 0.4673953296863553 
0.5669277672880567 0.5052389609270378 
0.548838572542046 0.5239516493437094 
0.5614186328711491 0.45371377758104975 
0.5864911136172286 0.441232505666474 
0.5976672843793146 0.47445634747501425 
0.5688384595739281 0.4864982305085308 
0.6120656901883935 0.4505207101820771 
0.5803353220612716 0.4909669094154404 
0.5743691645768843 0.5616837867250016 
0.5793898682884433 0.47226219180343365 
0.5997461457864447 0.5291076824349291 
0.5704585782001893 0.4844562994396341 
0.5846633793621886 0.51811987418982 
0.6389127052006899 0.5394545223099106 
0.6357952286052233 0.4934043554155116 
0.6529049457810151 0.44962098544413964 
0.6263827985347566 0.5406606732856534 
0.6069885489513068 0.5098718720230508 
0.5870872120543053 0.4751737031835393 
0.5966634370556261 0.4897877607048935 
0.6207189062785087 0.4971584973939846 
0.6300426698234317 0.5223675190792424 
0.6187979282816234 0.5574202131070578 
0.6026067966999558 0.4687748550358519 
0.5920843317554236 0.5037050833499095 
0.6362285046810425 0.5682272461075437 
0.6894369619017675 0.4928644036092286 
0.565091265932809 0.4532145733998263 
0.6056697345726761 0.5399567371635601 
0.5756385198971151 0.46759849289281685 
0.6111713530538533 0.5333127983624025 
0.5863832069085853 0.47967518935747633 
0.6256531353338853 0.5091104360180813 
0.6264591403056804 0.5466058659307093 
0.6614919235836894 0.5081925527043345 
0.5717413744374827 0.5522393597687145 
0.5868415606452108 0.5005857653490106 
0.6065070530004965 0.5057648766432264 
0.5933108973909531 0.5426078130298069 
0.5605490612139089 0.46056878479232405 
0.5991997660459198 0.488258274834897 
0.6037945720905383 0.4354490113502265 
0.5749101005848651 0.5213649443679551 
0.632985101126413 0.5226070078739962 
0.6132338181714435 0.49981020272781673 
0.6347048932391831 0.496623286826546 
0.5786764816496536 0.5145005286979613 
0.6089330607637393 0.5218101072867659 
0.6372462976278275 0.5016858509745965 
0.6273568522086374 0.45994122817618516 
0.5143967170186767 0.48045446727387425 
0.5825260829548402 0.48882017001224304 
0.5625674799893216 0.5276674452259241 
0.6497873829682113 0.5624359055142965 
0.6274075936162946 0.4899831831405677 
0.5628740666906326 0.5415201858998993 
0.6311731369720104 0.5552150739297438 
0.6001719830977291 0.49934849413399024 
0.5990853217400658 0.5090163152271396 
0.5544082144690277 0.4765716630725484 
0.5529371104263747 0.535472224469184 
0.5924465913388368 0.5069682387905736 
0.612446723406652 0.4396164785749914 
0.5330497608664106 0.5360598911436695 
0.6000892104125515 0.5279063051795767 
0.511106680489779 0.5015717374625509 
0.631673934236395 0.46027932417857087 
0.6160392753885477 0.5171522945295447 
0.5885255497936802 0.5098805509558196 
0.5943814987280084 0.523116163340265 
0.5777204729263976 0.544965326082039 
0.5836888938294974 0.48910716466208354 
0.6309048357039069 0.5165245247901646 
0.60333599299307 0.4858245446064648 
0.6290964312534117 0.5390425785585401 
0.5864567199869503 0.5023142493594175 
0.5928624229991535 0.48551957127672046 
0.6020913226512404 0.541676637362868 
0.6435855155069851 0.5102784451504783 
0.6336331896617757 0.5749165591590312 
0.5553002579317828 0.4680283351809774 
0.5416173536547094 0.5201047066023136 
0.6628295763263541 0.39999019744348013 
0.6009833616018951 0.4640223228237248 
0.5909417129615625 0.5084516648982206 
0.6230138582635397 0.47915267594197286 
0.5843782298274073 0.49672068051045176 
0.6023151657688696 0.4890429023974875 
0.5843755499579605 0.49006258423311927 
0.6358300744690709 0.46514601495312957 
0.5828950865276726 0.4486828305928688 
0.5877227990743146 0.4985408541714513 
0.5850953154870475 0.5191337189543892 
0.5568828162645548 0.46106070654715275 
0.600996355953508 0.526654096165156 
0.6969726669976807 0.5308415473460746 
0.5959561036748007 0.45583177284984533 
0.5333218410031008 0.4936456924330357 
0.5477801263644845 0.5465064815889227 
0.5766241596094633 0.48981605044867776 
0.6133275505905779 0.401371398290645 
0.632189953525668 0.430712670559495 
0.5718012046822529 0.52127757523475 
0.5805016635432312 0.4969477413893053 
0.6077469168824139 0.48700991593312265 
0.6081047800739943 0.49614382692870423 
0.6146039475022299 0.4143836597440196 
0.5651116630686427 0.49716944500926236 
0.6146823057528558 0.4524742074911918 
0.6621225383028583 0.4772815739535674 
0.6222660826685806 0.4466866995620974 
0.6127685732122513 0.5016153891311451 
0.6059598531595395 0.4780401434399685 
0.5380016331394988 0.5037906545611743 
0.5616783624160235 0.509047611383618 
0.6173377417941361 0.46601173339870167 
0.6253980403639428 0.5178337775162994 
0.5660439674111595 0.42628159740581045 
0.6007490504963352 0.5153781652460775 
0.580309247355772 0.5277116077911723 
0.59887578765974 0.48521214082430103 
0.6132696413570172 0.5090210519560634 
0.6061910517661707 0.43396014283941303 
0.6169865448985735 0.5127840402263163 
0.600860944034743 0.49107368866589746 
0.5664392645662295 0.5341563160350895 
0.6020375823312194 0.5152202602037156 
0.5992983879374222 0.4565142090444123 
0.5494866569974852 0.5457544763197941 
0.5686979830256782 0.5043696635719912 
0.6706334180215299 0.4762647867031569 
0.5767854795388093 0.48882662723831166 
0.5501187608684848 0.4679437533056923 
0.6387589501990278 0.4650912983055188 
0.6126654398636003 0.5202403860300883 
0.6126971872432079 0.5612182113457258 
0.617615542482584 0.4705468881722493 
0.555906408013076 0.5540624709894477 
0.6102125095723437 0.5132101936235766 
0.5792940573858621 0.5334094891429279 
0.6442212987266006 0.48816977319264804 
0.5984046342677813 0.5139182307581102 
0.652131756535542 0.4885234084242836 
0.5984140554507716 0.5084672063795932 
0.5768287821033531 0.4804727278510599 
0.5902570315365882 0.5022611057485735 
0.6082877007913379 0.5169890906356587 
0.6584180699388364 0.5150204015058574 
0.5962021829743408 0.5008613510577126 
0.6227909743023543 0.5491446147550687 
0.5924530727345585 0.44344149316366666 
0.5954497444855903 0.5565313605746134 
0.6066468925116203 0.4560215349590211 
0.5675127376956561 0.5148723217659081 
0.6318857629947132 0.4515032620478048 
0.5806980947881683 0.5109171244400549 
0.5147466515024859 0.46713537702151653 
0.5809103847084911 0.5134836664635493 
0.5919836892828586 0.5075434244797083 
0.6017461362017165 0.5420525149930642 
0.5492194019569628 0.44200797612190446 
0.5690932262739263 0.4677745142087074 
0.5740136057743169 0.4841547919886068 
0.6641329640617385 0.4968531586922522 
0.61279928209248 0.5548185435875478 
0.65796981179612 0.49537567952934836 
0.5742844028338224 0.4843771127252373 
0.5622146431461474 0.4885414961015866 
0.5848683460927171 0.5394434967300099 
0.6014968253587528 0.4712054092651315 
0.5969386213811972 0.484619690598562 
0.5740346469750582 0.4904736583525668 
0.5698328029261045 0.4575854398813332 
0.6230594084142926 0.4825651724408576 
0.6429750752702935 0.5389754008011591 
0.6046848866473039 0.541671166239113 
0.586542133753345 0.4974035742291495 
0.5718355105583404 0.513655199543687 
0.5660714406845361 0.4662178898461649 
0.6071734359269576 0.5150769085647471 
0.6349363912048855 0.533137449476393 
0.5738507982099653 0.49557280903412815 
0.6547745689336731 0.46969094476762013 
0.609500299848149 0.5090800357543461 
0.6707059486515322 0.4882969809271935 
0.5705793478304558 0.5796494935905667 
0.560053636336025 0.5090636095905827 
0.615038041015799 0.46524673714700027 
0.5631493860533946 0.49821867532192954 
0.5849863074757764 0.447951965554578 
0.6306285527056235 0.4125128380566135 
0.6132509021614614 0.49143722905543624 
0.6388551285866685 0.5180401252211834 
0.5769477290683495 0.47288982741976787 
0.6258663173885919 0.4495248214942965 
0.5670757055499654 0.5404718124148699 
0.5794824139371122 0.4639207203126147 
0.6639152888606145 0.5421818911765783 
0.6434885533938464 0.4300310025555894 
0.5438172234080857 0.5106345029110647 
0.5915496158466019 0.4686801828384608 
0.6039230847957415 0.49355597865468626 
0.5340646780179334 0.4565076708717438 
0.5665615008373476 0.5648999068777507 
0.6282708115963311 0.4968264591146718 
0.6044909064107529 0.42199236244928506 
0.49220511558192803 0.5159426978029552 
0.6532641517067895 0.5181940531340575 
0.5987622005930618 0.5129782010229897 
0.5844805306608295 0.536684945603291 
0.5837875495692255 0.5457388623540982 
0.5818705606096187 0.5187531066368405 
0.5357999986915761 0.505987540566472 
0.6273107838239957 0.5092438850620323 
0.6986719166292545 0.46458562191690805 
0.6097989228916315 0.5213088784015097 
0.637549922050256 0.48628917804187016 
0.6237916088625046 0.47103063455656397 
0.6388256940158916 0.49868017393957215 
0.6247953869224908 0.4858884939638881 
0.6220100697201536 0.49279414354455775 
0.5585720662735478 0.5147857688699473 
0.6039013498749117 0.47985123816913355 
0.6080557079340491 0.5308537096141542 
0.590844556471324 0.5195153205774408 
0.6159759361307621 0.49973671792612845 
0.5845991931331123 0.5188949153154561 
0.6071030698522683 0.4990281489072771 
0.5769268040236262 0.4806591577697392 
0.6004720656506098 0.47049728950580294 
0.5934352933427047 0.48375413401902895 
0.6273081236730225 0.4290607233749182 
0.6307448599912774 0.5545177169666157 
0.5465002357271652 0.571639778184132 
0.5697478285945493 0.5132463498933478 
0.6270040811708238 0.5417390975111263 
0.6167018242411133 0.5445718667099316 
0.5524259642263168 0.44315366800885525 
0.583829071339601 0.445482657307692 
0.5620648055930739 0.5147866771862049 
0.5479415568148416 0.5112473959688317 
0.6041640077337129 0.49918278666995425 
0.6253435214150379 0.44718536056274233 
0.6609637725411043 0.48872762301400263 
0.5887222451910401 0.472963907013066 
0.6012963218104806 0.5019927185289589 
0.5969116970488197 0.5419567438054679 
0.5952709278431971 0.513429308032022 
0.6239830729945759 0.5085302283897192 
0.5871491724622229 0.5164555147439938 
0.6062334797160827 0.4438492948744784 
0.6731732049889096 0.5190061902527263 
0.6119870241485352 0.5260178700047092 
0.6174233239164985 0.5476002436444263 
0.6184753813034608 0.5308609645559553 
0.6445506831270831 0.5033946971663601 
0.604081070229222 0.5240616817919114 
0.5754437457157386 0.5244167428500538 
0.5725077274187265 0.4829374174567717 
0.6364026914421154 0.48312742082267696 
0.5946362279097034 0.5066857731683203 
0.6183595085984958 0.4829867480332394 
0.639543856550797 0.46330429669471973 
0.6623244146998541 0.5220322147434068 
0.6099294036906054 0.5414376849878609 
0.6000000881386643 0.5120533950602874 
0.5885424443277651 0.5229324869404584 
0.5715906740534983 0.4750272125690035 
0.5967712619380453 0.4792148219477999 
0.6295121903724888 0.5201894342705496 
0.6304430409276852 0.5084729521066409 
0.5692005532851644 0.4220761457059583 
0.5976460212853044 0.5100878685376597 
0.5646592651339014 0.4828682874708346 
0.5968292021035239 0.5369289173766152 
0.6188893884434779 0.5423663105111522 
0.6052924149220786 0.44311660716706286 
0.6073686565743848 0.4832504537104432 
0.574777878730295 0.44565987878265273 
0.5767672103019004 0.5395642765286515 
0.5987359518401163 0.49149691416429936 
0.5406215611011418 0.45139595303552804 
0.5737316450923798 0.48252571623919804 
0.6228838204634196 0.5515862540775603 
0.689631099348222 0.46397759170418207 
0.6177470018538037 0.5549151007537343 
0.5955215557997111 0.5303230132341551 
0.5373181358066912 0.5532722020781552 
0.5990832068575784 0.4503809010181874 
0.6088615194373131 0.5250263584742512 
0.6235981165206071 0.4730673539316975 
0.6463040733938895 0.569600524305221 
0.5657993510882185 0.522202740583018 
0.5957564529644477 0.5488309094766887 
0.5910110011537401 0.4860045508474074 
0.6053127091530633 0.48353932373189135 
0.6034723869360945 0.4750642597536608 
0.6148525732607105 0.5583172466952269 
0.592172800663655 0.5228546682353856 
0.5838792848554217 0.4386906470775778 
0.5868470751344147 0.4755615659188535 
0.6039573391887219 0.4876028765425877 
0.6017686129670806 0.5396500298106874 
0.5657009963451758 0.47926391435891424 
0.5830711090757045 0.4889309935529221 
0.5701006094981595 0.5106668338513487 
0.5539274612780132 0.5068428467843029 
0.6075963524208635 0.49387921840483934 
0.625627427846894 0.5475182679647612 
0.5843483577707718 0.4861992546809505 
0.6214938137731479 0.44729079687121687 
0.5506787305053615 0.5368995561005114 
0.6052356670562542 0.46853531085569244 
0.6227306732400826 0.5309436137552523 
0.6065925719106586 0.5252234319422852 
0.598998628378314 0.5406209746341566 
0.6127157253277227 0.5479645237068972 
0.5905925372599411 0.5257494507273727 
0.5789267305937322 0.49849386462328954 
0.5929952717683157 0.5158904952766078 
0.5922676375914028 0.5684471424352188 
0.5301056781368761 0.5290457022805966 
0.6510685021275118 0.49548499504096505 
0.604916363709045 0.5273469254036506 
0.6101866565961989 0.5102247669496535 
0.6705385882826719 0.5025367591243352 
0.6087030711233258 0.512688395275421 
0.583379155107081 0.5091688739948427 
0.5755598206614603 0.5069822482163323 
0.6868092605499803 0.504971776781709 
0.5812431807560154 0.5526512599250668 
0.6370297816104336 0.5032453325186955 
0.6112018129582476 0.519908959242093 
0.5748149935974238 0.4501816356450963 
0.6163255130748231 0.4456123101792568 
0.6217266573212719 0.4867027395746715 
0.6578908933556551 0.543329342183573 
0.6625841589459194 0.44486954754517627 
0.6332398705422054 0.5624540887348864 
0.6124107557336752 0.5396594527585241 
0.5951785725451302 0.4600391821671518 
0.6419564892491607 0.5526538556721816 
0.6011018263325394 0.40932638277430106 
0.6076159341989652 0.4868290995988796 
0.5961337334249448 0.41563584236489876 
0.6593926302123735 0.5290105372228696 
0.6361339695260896 0.5278119468930315 
0.5814854056901212 0.5024157877055452 
0.6231654256336144 0.5544913853394646 
0.5629019318993601 0.5400192267491343 
0.6488311650788728 0.45159702825863307 
0.5536444364091465 0.47103522367672523 
0.6784147377685157 0.4935100775329113 
0.5953130143230155 0.4898867151368688 
0.5428209102659384 0.4523049793661371 
0.6323927734125725 0.5050272425758116 
0.5515721164152859 0.5214736582169586 
0.567029050730861 0.5229477142608866 
0.6215110507360219 0.46956163237153975 
0.59364128539171 0.5036977841383783 
0.693879387437654 0.5371095925232516 
0.6236415359476909 0.5597816270701639 
0.6043290153522458 0.4660697581077685 
0.5430025932114907 0.47697333837943956 
0.5972443404761347 0.5159225011897889 
0.555615153860156 0.5002336080456975 
0.6101767949554091 0.46433635287868824 
0.590690141295472 0.4648600831001719 
0.6128923726419448 0.5373717185265162 
0.5849651468727349 0.48560598285790413 
0.6041364895820088 0.48620332963060503 
0.5661505991767041 0.5269773438510186 
0.5864252853308358 0.5139505547090978 
0.6246339413228542 0.5274146534165388 
0.5986985412418531 0.4523285962333088 
0.5915496569458837 0.5172845030534196 
0.6047446374916603 0.4798456844807133 
0.572731564434568 0.47832576784647796 
0.5605237754162736 0.5412993425320618 
0.6040635463239559 0.5567584767924121 
0.5858900772533037 0.5634280579648253 
0.6352534370062565 0.5356876946987044 
0.5066412115520303 0.4790811025215414 
0.6006793500473577 0.4964697874800446 
0.646484537538946 0.606893662006954 
0.5916630527313246 0.4675857911064886 
0.6145270082878759 0.4898118868706665 
0.5468121096122245 0.5166543983209982 
0.597989125343769 0.48541846689258006 
0.6039617349116827 0.4536056628114532 
0.5794240004146092 0.5187526354003493 
0.6159616353359585 0.5425719582831812 
0.5941449615444223 0.5082169742610528 
0.5846372087101628 0.4971037990349358 
0.579901462654833 0.4354985523666054 
0.571313749947524 0.4740462734173402 
0.5506863244878122 0.49759095010579985 
0.5874687137929822 0.4959827926215789 
0.5837560186853861 0.5308273776599179 
0.6268701351161204 0.49497529883105534 
0.6475277308104359 0.4884229747626957 
0.6119575206191712 0.4168670031479781 
0.5743671327703457 0.5185404055982665 
0.6232719074022194 0.45755940579610344 
0.6127503824384024 0.5047012571477522 
0.6949176513066968 0.5148181289753424 
0.6305643521613108 0.4892237592266064 
0.6024621433496424 0.47879660637622123 
0.6143590822667101 0.43862420619626724 
0.5627009753066 0.4850780236467692 
0.6384553467097879 0.43944363754195 
0.6064054106432112 0.5182457100214379 
0.5238617699925342 0.4643464115858535 
0.6035604154269176 0.5268451317066479 
0.5730330973256079 0.48297084897601267 
0.6171144817966006 0.4969741291010378 
0.6839165746856687 0.5195784991143473 
0.5787440295969508 0.470440961640824 
0.556910254676224 0.5630084205104106 
0.5382173554051437 0.46146159925647057 
0.5952896547164749 0.572896318182319 
0.6174813100190439 0.5087424514148682 
0.5315231623011568 0.48915668393276623 
0.6252732585896654 0.501383206505927 
0.6133315835326486 0.5233722329570558 
0.6000753872735125 0.48345669090620846 
0.595699201435769 0.4931706792867289 
0.6539336459787248 0.511769923725287 
0.618026896721354 0.4455214117048536 
0.5974990122778023 0.515930625319968 
0.5445382922199342 0.4880125537508447 
0.6247824800015209 0.5478270510689403 
0.5712481303173158 0.5261202262747711 
0.6122902516968931 0.5065232695909975 
0.6169535409004726 0.5382120652295423 
0.5581899108065758 0.5124749482651584 
0.5138912522813036 0.4694768136862251 
0.6444840783885817 0.5054042942077669 
0.5517415675426453 0.5154705047340485 
0.5912411091328609 0.5401120446911721 
0.6236469717173314 0.4794365166692775 
0.6010615773885588 0.4387698586194199 
0.6117595267209096 0.5107119703855623 
0.5777967633116539 0.46152312544263224 
0.6233309714627375 0.5260401219415105 
0.5775793483354401 0.49926735678890233 
0.5971392720736681 0.5893581591834031 
0.6223902295850445 0.5227732642494192 
0.5867697328077103 0.46861011114057205 
0.6244820515410113 0.47960401639586775 
0.14101613818504888 0.2556799094065304 
0.200950533933742 0.33150880587280396 
0.07732254876970647 0.2896386595757593 
0.08281211154318448 0.2469790809431863 
0.10003773179118308 0.31369904963411066 
0.15521507369119786 0.3188469249070727 
0.11098688006726301 0.3489383105189582 
0.1999873667324763 0.2861721461578306 
0.07713578642251338 0.25891461676911715 
0.11494779046803896 0.31415658341776775 
0.16156755695842812 0.2778544549574294 
0.168300567793661 0.3537331002444561 
0.11934181136574391 0.2795524022493969 
0.029822091854856875 0.23193596039777326 
0.17132862331920334 0.3081587704230101 
0.1992848012386616 0.2119693454216657 
0.18038442763914966 0.2692051745616744 
0.1227411327695469 0.2144188542438166 
0.20258893592836275 0.3028778348347323 
0.19308127615343657 0.2701308216111291 
0.13737484499641808 0.3907358477632889 
0.1350829358869904 0.38287918485563704 
0.16235876577496033 0.25406755390480845 
0.15090995651520403 0.26445216702766167 
0.14648957633356668 0.34583042599193103 
0.19047133379122838 0.3618472513471827 
0.18695244546143072 0.3167319496349202 
0.1048541220319158 0.28260032477256464 
0.22035537711286987 0.25885842987237584 
0.13039660843529552 0.29064983287408275 
0.14328869340948117 0.297857015411909 
0.18866728038897018 0.3593592374469576 
0.10722314233443658 0.2899949911396329 
0.203159806382618 0.24767826345014649 
0.141278651224375 0.2523893267088449 
0.1734623655693348 0.30185080984071355 
0.1410428387671188 0.2592621060765894 
0.19193159302785243 0.3116338672161401 
0.12336711899078504 0.29013382009074995 
0.12690351242029113 0.21278031000674008 
0.1492860427480431 0.34095250757817686 
0.18725917739882486 0.31029847881235656 
0.19611569349003782 0.21650685780635662 
0.097773644813823 0.30657833221558817 
0.1411983902502424 0.1821487385277657 
0.1537102123349442 0.244315245604671 
0.21091090287887712 0.2405846312685257 
0.18531976202419395 0.3169781072549814 
0.11137191952450506 0.3137803382648555 
0.08681647212815896 0.297953920589382 
0.1339163191276304 0.347780002325491 
0.19068792529204306 0.23708015289845358 
0.1297796803733172 0.2585906149250768 
0.1845443050821139 0.284449895545243 
0.1561797987684457 0.2874242654950052 
0.18000945507647276 0.2585373663713241 
0.12846256752758572 0.2808670651020901 
0.0937904721927417 0.23304176109309915 
0.058686766784640895 0.2733034332536512 
0.07870830645554189 0.22577434816760059 
0.16044152866364295 0.3629735328144184 
0.2146061524320568 0.2732276090550711 
0.15736691260851848 0.26452110837194326 
0.11608070830241068 0.34356908706447986 
0.08282300882869954 0.3047580767761686 
0.11957011502203194 0.3500461912401715 
0.13733729375274192 0.38989577087956884 
0.1034849650970506 0.3166475305711832 
0.2074148074373359 0.3179439089677226 
0.10727979532844123 0.3046461417232964 
0.06723015520744678 0.18800135413818075 
0.10787968045869034 0.2699983083399586 
0.08091724987823119 0.383483927936301 
0.2569298068941392 0.27585557231341046 
0.17117484750447534 0.3139797939657494 
0.1394184680028531 0.2911652166139621 
0.20772959499062965 0.3430445534341168 
0.04565421852788573 0.23665167732753786 
0.1661397417155421 0.26064089525043843 
0.05298220124479523 0.3841106218021838 
0.15470929250655166 0.27722334518304725 
0.1919883678989052 0.31168125686816606 
0.21472933551485066 0.3297783247592952 
0.13782737233462597 0.4062872399733255 
0.18825280827308954 0.2538649042198294 
0.1173830484108141 0.2182788460081732 
0.07576766078589751 0.32914834024353906 
0.2469571975928714 0.32190987654607545 
0.18467547785589636 0.33589307738238117 
0.09798227103798497 0.30672940169281093 
0.17358084929934378 0.33357884550817135 
0.1963494782626072 0.27919343675553693 
0.11278993377018852 0.18349028267874268 
0.18603447892295089 0.3826392253549718 
0.14400354295221282 0.2862276419190696 
0.12328330846453348 0.2710422714805145 
0.1207534442860432 0.36727880726923734 
0.14377745105331627 0.31303989901644963 
0.3085558856823184 0.35287983535189393 
0.1288426842207214 0.3092674909104355 
0.127686946162948 0.3892876716240709 
0.15133762831208192 0.26007013500436055 
0.12254919225071556 0.3258043414931667 
0.16679719999177656 0.292337910329848 
0.1486729265004571 0.31859790025579743 
0.12105125297616504 0.27844285000610547 
0.16465844991042697 0.2749548698647843 
0.14305174990272357 0.29020133566811246 
0.1457894927357864 0.3424794440092544 
0.2920744395038365 0.3684988673414213 
0.09263889965330357 0.30667603814403765 
0.14037411641632114 0.30376962667020185 
0.05723187105719077 0.3215694287839301 
0.14147490039031765 0.2585980421910916 
0.16912330619007696 0.24048850840343616 
0.12958882143814193 0.32790937173484513 
0.10530832462670925 0.32855270296380795 
0.07493254401144156 0.25112732264474735 
0.23422928938101154 0.3164418806674645 
0.20978722677840894 0.2637155068800151 
0.17859822326081282 0.25880757831210743 
0.2177339549501983 0.27397110606944086 
0.12422530465312744 0.38870281859444317 
0.1280411053668758 0.3754001123650179 
0.16675452035749166 0.20139017654194002 
0.1321884609715776 0.29491426625801725 
0.20084649383480058 0.35654221392134006 
0.2221143327462219 0.2859724431902273 
0.1372695425688645 0.42537970661623836 
0.26227636872272386 0.34966746136987903 
0.2217655918756654 0.32359114605291145 
0.14342404457612698 0.30105872917429877 
0.24418731000887361 0.3232164838013925 
0.1455756052047195 0.36146988145993963 
0.187892236770998 0.19499649578416958 
0.13240257743495815 0.283971150059101 
0.26139330064612987 0.30086535362551586 
0.14498759978395392 0.38983313973619255 
0.20034179373042066 0.261886050842025 
0.17446715248832562 0.2016521967340249 
0.14812304114964664 0.27497853267832145 
0.23723016180475962 0.2920184120919738 
0.21028710422366115 0.3215041840047744 
0.10975138023478832 0.3542223715880884 
0.15445907254134275 0.3206030127562222 
0.1815315430756879 0.2737573764271908 
0.12594209308832824 0.24930358152809856 
0.20962320451505737 0.29033194493913844 
0.15814672108675712 0.25103835225671634 
0.17718376884970208 0.2207265960792892 
0.21582077710832226 0.24693759116209826 
0.18233392388436884 0.3038113006048555 
0.2530745171190128 0.2984937190516111 
0.1490164380431197 0.3464583088378414 
0.18735120159101226 0.2992083362345629 
0.19539865506141738 0.2975154244188474 
0.12504915300173977 0.3499580263198502 
0.21304436409156124 0.3382286543231451 
0.08078290081058079 0.2806936181328949 
0.20134303895192687 0.26373576349611205 
0.1761385621259158 0.305962030058703 
0.1330713687973953 0.23773819829257536 
0.18060097648768153 0.26888942331434423 
0.13640175198048832 0.31280620332031 
0.11005846788976581 0.21550164642867708 
0.14652907152115316 0.2869650818583526 
0.20391927640203344 0.25505171453455366 
0.06262425082305373 0.32762968964941513 
0.15270209057607856 0.25539633303484693 
0.1924086129559992 0.31290500623794393 
0.07775222794002846 0.3107316240556449 
0.10242130547381462 0.24318200966493633 
0.10080104225678718 0.33237501466153707 
0.15916448756599588 0.2805945231585664 
0.12590934388437536 0.30549207646319015 
0.1622437284487576 0.33723818789156285 
0.08668099298117007 0.39638176007965487 
0.13027636080704874 0.31473789241046085 
0.182653533245064 0.2511178003992622 
0.21862141568899135 0.26300083995981716 
0.10611392104621639 0.19119442848736867 
0.14583447719831233 0.3225570576184315 
0.16458202745427306 0.20005351622993306 
0.16824548560997124 0.3623022110240677 
0.16560303241309238 0.3436940621293228 
0.23251397650833688 0.3636452084786041 
0.09751518073121526 0.3746073600478804 
0.12018395352139649 0.2730747524715696 
0.123869720509938 0.3389248892520735 
0.16448694378079556 0.3261774595453551 
0.1102558538986677 0.29377598461058874 
0.142659230839687 0.3117592826350121 
0.08334917708852753 0.3270522220731843 
0.12007379057450418 0.4321027148382568 
0.0878650910850234 0.38042703607583284 
0.18344747274352882 0.3084717743911304 
0.17779294954431066 0.44430138084977977 
0.1662592770081297 0.28968952397191944 
0.11496979660614404 0.24254328596730454 
0.18335047307708324 0.3421665218307701 
0.2133042216030815 0.3753030361534945 
0.1309883469836873 0.3298842894867584 
0.10187136810950155 0.4007554863201231 
0.06135483956543221 0.27476098966242435 
0.10097617647664633 0.2594629270011176 
0.18183793862782457 0.2811642259814959 
0.20437595439040995 0.3504542370634111 
0.22828178635186208 0.3126512297716969 
0.10113778985755419 0.35004565833395135 
0.16626323411097316 0.23115097298994786 
0.1109686679763122 0.2314673075437505 
0.0034801605207469277 0.38702837996382566 
0.18069095746165714 0.3723423926690877 
0.028606291526494312 0.2410579585585135 
0.2545287518083794 0.3788587624127129 
0.2108537992081461 0.3108771766600769 
0.17354006423952467 0.2747325409789909 
0.13613111518709997 0.2854143789288762 
0.14268102493637635 0.31342952698283366 
0.11084318301565879 0.2871461699322484 
0.10094468920253885 0.2689029388780741 
0.20236917847675437 0.335905379857565 
0.14214151476899312 0.23887308719805966 
0.196704393080349 0.3689114958448734 
0.18560687589532152 0.2038526193142091 
0.20135309636848547 0.20563231767745965 
0.15712288401519092 0.2928797598670575 
0.19734378040587072 0.2619109257063448 
0.17893251029231877 0.3394896182918826 
0.2016708489498687 0.25012140237436337 
0.18046047631896384 0.28985715754376434 
0.11153879341047596 0.290611715229088 
0.10180550671560484 0.32307592882585373 
0.1762512141249477 0.3428855616186518 
0.16834785891154988 0.2955520233905886 
0.17340298507765284 0.33320217731899615 
0.14919248785089878 0.3087216508861719 
0.18787274515433022 0.34921588654737 
0.1585696106136737 0.2772374623394718 
0.0669065160152872 0.3515132895167955 
0.19122714420296807 0.3021130367460922 
0.15132365978435888 0.24401971911852594 
0.1966181155278512 0.33924238691915065 
0.11101648004981182 0.33007572335891766 
0.21192630440123283 0.3433486204982295 
0.1667382840467262 0.30136147535001784 
0.1588475244859044 0.18789825439689262 
0.16053894573055033 0.28891514033701154 
0.13385269648020942 0.3231262852866641 
0.15614146867232473 0.19744555699555932 
0.10930166194505436 0.3814720550772507 
0.1811816657227996 0.33538115962942744 
0.19223490038602153 0.3039399237872433 
0.19891585714439952 0.2547934437560321 
0.19336582202365546 0.29303881518895664 
0.19725331316805053 0.2329968944730706 
0.18021320790078788 0.29022967414382284 
0.191101588297221 0.3311081444046494 
0.09286195223181322 0.37317995348354016 
0.2604435158742767 0.2853735550645216 
0.2811881402165067 0.2873661041129112 
0.1522168735147063 0.4365493736690985 
0.17380763969865248 0.3227545552684169 
0.05200387799545689 0.3630660554886366 
0.19632396514927347 0.4058887850458331 
0.11548225882377432 0.303379914026436 
0.14143793152943063 0.34171261550343346 
0.08130069303564162 0.30305208711957127 
0.16673495645896094 0.2789445828709103 
0.17504494679747962 0.2580251566543622 
0.149774361279264 0.3247695830862656 
0.14160742981159288 0.3619772393030656 
0.11497688434342829 0.24113997524659342 
0.1456976227803502 0.332750064555949 
0.14114196556277456 0.32608519231207383 
0.12026299823398717 0.2806377625087789 
0.1778387651600328 0.3345587047539216 
0.11161360329102604 0.31490744075023464 
0.1558991754445577 0.32263017072496153 
0.13621897186962315 0.3174528029125153 
0.11781940151375407 0.3476775432118776 
0.17110565364029034 0.27193076332651606 
0.15815197921181812 0.34947908588852594 
0.1443097967756637 0.2701780003513287 
0.08736314938280247 0.28236298170302704 
0.18515942698850507 0.3246902618996456 
0.1337165122887275 0.3900569447031797 
0.16393235951493484 0.38311389720505 
0.11202629184521859 0.3538531004360852 
0.10536948277611802 0.31871267123828806 
0.16457406173431025 0.2820612574405925 
0.1647038024222534 0.2481147081672646 
0.11916298310229934 0.30797427696778606 
0.06901102319088975 0.26834083205836823 
0.2520265836129201 0.27245969501841544 
0.13912568267013006 0.30898100283977287 
0.15137243274179785 0.32000893559035826 
0.19173175198450804 0.3315821952534527 
0.08999936817893141 0.32946957146231876 
0.1176952017305346 0.20226478103405732 
0.1465193672228693 0.25713560901065097 
0.20111098460689428 0.3637953749145452 
0.1744182010523114 0.3161377862787571 
0.14729508448047532 0.3377114089769101 
0.1743938975530453 0.2678692058488352 
0.12911633097495492 0.2272590941402584 
0.22349256642728027 0.29869288633042645 
0.12769166391849573 0.27865754550995875 
0.19010412300448337 0.3609068472020975 
0.1530599736014969 0.2436237515513289 
0.10429973246653418 0.29595935513615934 
0.033273060893040954 0.18980564846678363 
0.11394892102284379 0.3943641123597518 
0.08599806184938413 0.3151963691607522 
0.13514428283265884 0.26048699425955935 
0.07646825418170508 0.33989318703039667 
0.18740149344201207 0.3795703351811572 
0.15600509383206468 0.38836903705000375 
0.05363953102733193 0.3813830135810802 
0.1241764358455443 0.31473524240659617 
0.18866230191286765 0.2673510226492498 
0.250865429204553 0.26880043066221637 
0.16042809402943978 0.2951866823507522 
0.14000181696897657 0.2203749080018203 
0.19935979925667682 0.26609180324924575 
0.19968366570969515 0.34994160244196376 
0.1788218688588428 0.40391032140401034 
0.2354144664230574 0.2996238589214397 
0.22048194635678897 0.3159631269982217 
0.2112134052719663 0.3020866340501621 
0.16303257350906195 0.3312929290474737 
0.22391981461245247 0.3070367667894356 
0.10769539049451107 0.2669519336299669 
0.10963164591599595 0.33814173022781097 
0.1713676205978114 0.2920782896340632 
0.0679792473379673 0.23975240309006707 
0.22206511959407763 0.2463252974974409 
0.19117056483765052 0.2756410888013052 
0.13727185789739893 0.24676025885560887 
0.1302119450610988 0.22413316043462267 
0.21636048124943108 0.28757321332526764 
0.1196024317638411 0.29139194770080395 
0.11968497510062927 0.25682083309217685 
0.06703517122835544 0.2486170958063679 
0.18393049021944896 0.30591683364802535 
0.05951385683084706 0.26436857443426925 
0.016893786327321664 0.3899630858513369 
0.1371299935620052 0.40848145330661784 
0.07641505212181947 0.23205869204473611 
0.13165393723470642 0.3122396189822737 
0.0532327786533902 0.3291562067893301 
0.055368295752098604 0.36981470446929054 
0.2395878813539373 0.2490499796192098 
0.22590487581609775 0.25526434473458304 
0.22248707009678817 0.2650082066500363 
0.09410533806205676 0.25291334661967346 
0.05578852624911898 0.32654613629592766 
0.16049944373019687 0.2966285624808791 
0.08078816586978009 0.2157057471524434 
0.12213206636869078 0.22160294194209523 
0.1435415808262328 0.24379781776973197 
0.2025278654014149 0.24431727052942617 
0.18045739900212088 0.2739876339023043 
0.08329055542794625 0.27449876743950774 
0.15740721889645187 0.26508952343470743 
0.18747825910316115 0.26699642583275746 
0.12192345793645262 0.21172993012519337 
0.1876948573967159 0.29523948052722 
0.18548003939892066 0.2507189841546928 
0.1826113976012974 0.31995344242069873 
0.09842406899425193 0.22172153953169155 
0.15561196433612762 0.24896176160902397 
0.16428791522049963 0.30649111131685974 
0.17629419007128805 0.34175205233512784 
0.035589735925426996 0.3116151032899882 
0.17413289351387629 0.287367149625834 
0.17085403286024736 0.2589971923377688 
0.10052998524758469 0.2986075476732677 
0.14692266334974158 0.33374746547937034 
0.08735232101744665 0.33499967171142764 
0.16284120833140295 0.2673678149003408 
0.18288886639680405 0.23355082683417505 
0.0946668393197464 0.28829275707193064 
0.12919743440752265 0.3125139980857924 
0.15492223911793612 0.3624188943712837 
0.10118694119617036 0.29718440841401966 
0.09909960712858552 0.22205480812721073 
0.040215387521525814 0.380294215212807 
0.15863294877113132 0.280941733204537 
0.1363951738549731 0.325090228704878 
0.1500071926326408 0.32987357350711777 
0.20462781614436262 0.32661907087510367 
0.12416543083176329 0.26092326202575056 
0.23470377219609212 0.23303822768571664 
0.20036054847468546 0.2668317447785114 
0.11112088938614195 0.1980151474336627 
0.07969619859387421 0.2588926574534355 
0.11830095265271381 0.3768421951008415 
0.1705677262410362 0.3580240873052302 
0.04323891850545171 0.3084061478476205 
0.09529036584656499 0.20574012522484708 
0.21320698369478983 0.2673757862072644 
0.16160320591980243 0.33218264190023306 
0.13073048190546793 0.3669560054782561 
0.07010473263691666 0.3582804706548626 
0.23096542810659407 0.34288071398745545 
0.19016612440212932 0.3420293141690152 
0.227186124804468 0.3850475550060736 
0.1302454831431071 0.2812165367230154 
0.16161759966047803 0.2612310539770374 
0.2488308044947406 0.28935559828319807 
0.1039880345941526 0.26267751864742156 
0.15637989060932073 0.3194999625582103 
0.09976972181919935 0.41430409315430317 
0.19578748624831155 0.305207216520136 
0.18136316355397042 0.3022122454124486 
0.16152228341451005 0.22447105691362468 
0.09158397836511245 0.2620344202990918 
0.19301645219918379 0.3277182530955561 
0.1938323400462004 0.31479036771811314 
0.07990736049393903 0.35212880526284646 
0.14522576569632828 0.1898936177658554 
0.13254556814193352 0.18936833674603015 
0.11072795720131692 0.3064682518155408 
0.051376644321663126 0.35484508192116204 
0.16828349547470028 0.33860448680276556 
0.16069759209863538 0.37636536167849705 
0.12946457892814672 0.3587043395030874 
0.2409966082178966 0.26394003715504066 
0.17452131439062063 0.352616898626924 
0.07712368891972723 0.31237715058588467 
0.21643054643536974 0.3398920997650426 
0.16427633142984827 0.3135899364031435 
0.10735960276006917 0.2592626264753502 
0.19464703869916097 0.33052348003376397 
0.1349802584461839 0.31142020024675016 
0.1325017640651686 0.16804663181935042 
0.14710732605542298 0.29970328132708624 
0.15684112975878356 0.27533788527914066 
0.1526812416739138 0.2778322322250603 
0.1285443413895233 0.32962758706310424 
0.14236473103494468 0.3746157998319785 
0.10085910143139212 0.30508627487884465 
0.13704476315179837 0.2457593995509802 
0.023705207620669744 0.23226978729828485 
0.1451964151930084 0.3292440848455839 
0.2245084607447459 0.38530795610188096 
0.15039793211862518 0.3241662921910209 
0.1194409523658106 0.29602293491702464 
0.18050909310360175 0.23920835509588412 
0.09198686841571022 0.26971799100293986 
0.10824053916045456 0.3248235808036489 
0.14063689561400577 0.4058525575977488 
0.11345159506754215 0.2607522226823106 
0.2091894505304258 0.2730261298445246 
0.14141723814046933 0.39712709225961224 
0.15233323128115386 0.3592252785092907 
0.1261657403105371 0.2732229920857925 
0.16760956991081852 0.23114068343802796 
0.05703937004883136 0.38847747739577904 
0.24294346243311174 0.29578214595931074 
0.2873121680561524 0.35246748483186585 
0.19708068115173147 0.25159527127504566 
0.16735464940830716 0.28812573791138024 
0.16696381229286006 0.19050484944227059 
0.2187742109933501 0.2744017559915891 
0.18330654383492156 0.2356218766180887 
0.14373745285718786 0.2694321121533516 
0.10464125928216993 0.24074940791318244 
0.16332271479484287 0.33623468145185736 
0.09528719243622238 0.25923133892993805 
0.13384195098356044 0.3117420335808359 
0.07528503768241097 0.24458657781718182 
0.17446306302021974 0.2748884603453261 
0.1023180180196579 0.2779455797765743 
0.14522837601830985 0.27690106538912845 
0.2028590725868994 0.2241474486318536 
0.2383579964524894 0.27875845010056843 
0.08079150666865469 0.3308695385765524 
0.1868492009812527 0.37120401948492376 
0.19703046670929192 0.29135309270793697 
0.11624121631800516 0.30778637723341873 
0.22956924330036138 0.31094748318809345 
0.15190560575032122 0.3114305092834627 
0.17508461198728031 0.24770856768495964 
0.1655099423439849 0.3380218360957431 
0.08019384949953254 0.3269337159274915 
0.1934687597350863 0.27987304039566974 
0.17375726694721985 0.36316138681814925 
0.13216013329828272 0.30747945060335413 
0.22213724175612976 0.3360896424028243 
0.08731406354640768 0.31025308720943173 
0.06418721656235761 0.26578310390028725 
0.04994199282871742 0.24673859473182286 
0.14845136718822186 0.30480484705394323 
0.06351878517527423 0.3884551231736526 
0.04739859173498985 0.3264305540474753 
0.1295384838467717 0.27138787301077766 
0.1683626829378722 0.23172749552672095 
0.11059292492771945 0.2984660905769911 
0.17243208909923996 0.2625661318212402 
0.16548363853065495 0.29801237750363824 
0.1988063639349197 0.22067398332444846 
0.2082706236287976 0.3210549354895353 
0.1642499628432706 0.34406845999817326 
0.22622802196690833 0.3064691656969545 
0.15766117281641162 0.330572672390765 
0.1684851960129738 0.318474145933914 
0.12831897866493838 0.3209226080812799 
0.1261336776495875 0.2946240260919173 
0.028436243429741395 0.3703495609010701 
0.15553250790898399 0.26400865855120176 
0.12207612314458742 0.2501104289749672 
0.18634913375497927 0.3393343321138586 
0.14061581210375734 0.2159468625765364 
0.0919877974500757 0.19366107108703295 
0.21697223954383782 0.4082206894685665 
0.20139172432751862 0.38830921716206923 
0.14004620197461526 0.4322699573045937 
0.10087076609769222 0.2398764674035454 
0.1324489923460125 0.2718411622125381 
0.13837852054317312 0.27991737298000474 
0.10681781572813537 0.3367142001620157 
0.18652104984895446 0.2861202990325267 
0.0877794540190488 0.3035797036824194 
0.15045686132911384 0.26477288359701706 
0.11067054527925328 0.3104611967417365 
0.19327040768698786 0.32057034200751455 
0.14856125244138502 0.19720559608930138 
0.19475765741396117 0.2584328647463574 
0.19030533444275147 0.24008235399450145 
0.1587312626508728 0.37250412611540573 
0.12321325199352304 0.3322950902629137 
0.1064005642078619 0.32582889660910946 
0.15365642631338478 0.26585881244253445 
0.11230697837839126 0.3307572803497872 
0.16516595846250204 0.21202490958802017 
0.11192704501094586 0.384485461054036 
0.22017384416595137 0.29497818928755254 
0.1429296837585556 0.31027058422461673 
0.1682113177645685 0.29396174144835796 
0.15386022616845146 0.3372292798823226 
0.2052945026543474 0.18163561553669788 
0.24480894429417727 0.38657992840923994 
0.15474430443042375 0.286362181559094 
0.1963213552230036 0.2632935250867516 
0.10910901385592509 0.2497837035165334 
0.15804301121247197 0.21903826543570565 
0.07276405359133213 0.3656987175012167 
0.12000473609058984 0.3426539849476058 
0.1940500605027768 0.23922914833202935 
0.12880048262310256 0.3443716467246354 
0.14060259035480413 0.309506754842905 
0.12976342944612804 0.29999863580597447 
0.18181830893361747 0.29569121803673704 
0.09041870205985283 0.25953120417881537 
0.20368663561717096 0.345673591478037 
0.11135642002059876 0.25363781116040507 
0.15398494940608728 0.2631454206114282 
0.06658291081949341 0.22363952450044178 
0.019661411074280127 0.23315383930810302 
0.22790682496163656 0.3863698146115585 
0.11570299022913572 0.3363026221239132 
0.19810258595276273 0.27298531291120803 
0.19826819569772605 0.310558640223802 
0.15947225302853915 0.27012264754068477 
0.15287317381767443 0.27399392613911183 
0.17070306015619896 0.2520766204311578 
0.08150644629297393 0.29434817085067444 
0.15692113823409953 0.2898268206609142 
0.1283601443415729 0.2738170249471033 
0.1337939349310865 0.31666086575641633 
0.2054708256190674 0.26910984202513777 
0.08498250094618531 0.2491504922652817 
0.1016430002089606 0.24497643436758618 
0.11441624717073584 0.2484583428877745 
0.16014372220031198 0.24816612294736665 
0.07791502309149466 0.2789346139923527 
0.13641496233056893 0.24619770085129067 
0.2436952653729282 0.2603832622140458 
0.14621763942419183 0.30746519018959106 
0.15955877033360255 0.24727333773983587 
0.11590491628795979 0.24872955345669878 
0.1616623543860728 0.35175649877838794 
0.20642189269261776 0.32722304572930627 
0.13635134924464007 0.21873503951494544 
0.17928366995443165 0.23888865192359893 
0.19075763911357252 0.31798876592842 
0.10913791882112833 0.38784562428787395 
0.10932430724799702 0.38222793746942124 
0.17434440048278452 0.26272795001183424 
0.15140484143965566 0.240684813867385 
0.0989733887975029 0.2589817456873696 
0.16247245101060362 0.23821543684965205 
0.246105841545565 0.2762073158401202 
0.10167141865082321 0.3132006694956086 
0.18172983515578167 0.42447054522603095 
0.17261939496108342 0.241654982704741 
0.1820319765494429 0.3020050743009539 
0.1385043720488741 0.2863811927024577 
0.1501011637249098 0.3568852150660886 
0.07796369032109413 0.2221564836439573 
0.03118103369342498 0.3466652508413051 
0.17304707624455726 0.31262485522008676 
0.2752818405275 0.361990210067386 
0.19926928672827612 0.2859718085854504 
0.0935191689754993 0.2529574570634303 
0.14428686345044855 0.3217945942036119 
0.2594211945718039 0.29053261927085156 
0.1927676080630757 0.18663631565437383 
0.22494145829516432 0.3470350309593549 
0.17792488421013639 0.28548106439988147 
0.24702926067908687 0.34953343698419237 
0.13981862533852255 0.2879061180099514 
0.16252326943343048 0.3238470160865761 
0.13654689314787483 0.36892586036467834 
0.09794503221656817 0.380984579449949 
0.20730258988015535 0.33398085921365167 
0.17705301293355064 0.30952424825443464 
0.11656503627400586 0.2480818611821385 
0.11861530399226547 0.22364642688347097 
0.13248636131919628 0.2863616948737881 
0.14730971246254307 0.31684332593524217 
0.2005953913168485 0.40115117428051994 
0.2123681953103099 0.2898672920552289 
0.0807733211174008 0.25596515058557995 
0.06757168160089218 0.2918760785381638 
0.13665705004356418 0.33389820270740733 
0.19735718448539394 0.37439086013409467 
0.2034851739720257 0.33739971719229 
0.28604030294111826 0.2841498545469806 
0.11597863068035444 0.3045675637906268 
0.13642816696757987 0.336595465430546 
0.1755158457132133 0.3982737455169123 
0.16452161681253435 0.3092652031442559 
0.1765847584594098 0.2649928010649629 
0.17241837980658253 0.3434521011496567 
0.10946344992523138 0.28972073039039364 
0.20681564003029784 0.277228777346574 
0.1657067431549359 0.2660728421705516 
0.2537274154439823 0.2947742737002011 
0.12896692750153013 0.2703560449906378 
0.16820472696920127 0.3517502388659149 
0.17542605606970735 0.2779703183908211 
0.12759182794889487 0.3828794246733934 
0.09410962563923733 0.30116844304306933 
0.22891630912711042 0.23399633268649478 
0.14636428205337615 0.26610090719570956 
0.18218055718646176 0.28010367193405883 
0.05472042362369703 0.2864091895288081 
0.15512097246652007 0.21031601792759708 
0.1695687592377446 0.30926326713786395 
0.22331281261206654 0.1821243659336769 
0.17820144490528853 0.27118316257172326 
0.16048254264410564 0.3059969620248629 
0.1329658531537156 0.3633643927335575 
0.14169527636634394 0.32957268054690714 
0.10152967678805144 0.41457671989458245 
0.12240769677682656 0.3217647836370757 
0.16955098236767385 0.30852306033361176 
0.19279807125110343 0.20553688435216957 
0.08810306929988548 0.3035742275461559 
0.11014384346586309 0.3373919470579722 
0.13982795382253885 0.23901531178277405 
0.04874138152511952 0.3729812578956605 
0.1425278577506412 0.3383181336572833 
0.08768273896384562 0.3095681805489506 
0.15674737562036276 0.2853297492905151 
0.17908352606307715 0.28111469782693 
0.14440533376191475 0.30263825440049924 
0.10846344523578139 0.28385212415081607 
0.09696006161999635 0.27594453110349676 
0.06806522723696805 0.35405178728846975 
0.1391416178903927 0.26586761165139344 
0.30211245191128094 0.3597610624155076 
0.22993367626730213 0.24903427504588313 
0.11364925385552366 0.3980290537970105 
0.2382381590496382 0.30189846535593046 
0.16254591205977523 0.33675915876573664 
0.1336084150954549 0.1985796783164489 
0.11841716508699901 0.31127545040241933 
0.11942777091719152 0.22748049197949644 
0.23968018002543584 0.2841227468895222 
0.15250991263125765 0.4030705235199015 
0.06261911927462181 0.2581710873684803 
0.05787982424678857 0.36538797248255084 
0.2228933638337104 0.32357804983972055 
0.19251136672015487 0.27355316694646703 
0.14504117770121575 0.36346957720079137 
0.1499126058645968 0.34758059103534567 
0.2802315406365999 0.29883760793484604 
0.1419814454667357 0.3056454680651692 
0.17620041561319993 0.29088595525760796 
0.234715572420623 0.33083082453020174 
0.10683909491750429 0.3233807665111569 
0.09205559527292187 0.3972353529721463 
0.16138719341656727 0.32720632113740544 
0.19318394793790356 0.414183511661112 
0.08421195822000974 0.2164431501179213 
0.07360061993415745 0.33972688130906775 
0.17398269130049493 0.24759239377545605 
0.20595967179236158 0.3240359761683154 
0.12032133278694077 0.2625772043854786 
0.1120924009831849 0.26090968988070845 
0.11203361598990982 0.2488178958904526 
0.09879176415389337 0.2974110399902711 
0.10179261698481193 0.40462602714015694 
0.18736763591612016 0.3782047793946757 
0.18308155776078067 0.33004245638741575 
0.15915752782684406 0.32152023077505354 
0.16573519369248874 0.32836818627613307 
0.13535261530821147 0.26960551484508466 
0.19619477877203084 0.27061658457766735 
0.14830936644242768 0.27014571081865907 
0.171121558740969 0.2773080638301896 
0.13771894935473672 0.3033395906937428 
0.19627283159566888 0.2771275873202852 
0.14288890759607242 0.298925846111724 
0.0791970573140197 0.2948582657484422 
0.2298850197413252 0.2748527178569568 
0.2435507266218284 0.35355515978436713 
0.15264223458465112 0.277587520683879 
0.13873549247799796 0.35380645801982763 
0.18250772843571164 0.3523023155999881 
0.10633332473293117 0.24628396448462375 
0.11074913897337046 0.33101525605565996 
0.2045694140930292 0.26516205792720604 
0.18805226639790976 0.3134979336047714 
0.2515676301230154 0.3091554764011412 
0.16643405447093662 0.2824727063322134 
0.12573702469291595 0.38491019200058063 
0.06425842781464307 0.2806837563420912 
0.19620242142086558 0.3301881321604949 
0.059915586031430906 0.3215797635351369 
0.17634884770100026 0.23851899241185537 
0.14445678852455324 0.3234687794155137 
0.1195818341954493 0.308842838434033 
0.15634106114417864 0.34264168101954406 
0.15805216845364553 0.29147344456624424 
0.10086425520476457 0.3059758538708437 
0.1517179735198243 0.3152097725185937 
0.17794231627255688 0.31525519043302525 
0.15420059201017947 0.35321724370304797 
0.09128199800115597 0.34597825603846327 
0.15758365003906744 0.31324982279970187 
0.1257055547555517 0.2792356688511975 
0.07308578018626764 0.3197272941965406 
0.18443283243129546 0.39796073548662064 
0.2149448861830534 0.2743675207414313 
0.09264796397908204 0.3583883328034655 
0.17486981526041728 0.23412747339378676 
0.19745970946235303 0.37432417519682004 
0.11829343510057061 0.27901015975157517 
0.08991687715969054 0.2912179578686964 
0.22146868187731855 0.23074592565346913 
0.1410388487122462 0.3440783082036478 
0.12683829384195736 0.31190557398487906 
0.1817343799281944 0.26566731404834 
0.1023329169125188 0.21734338053163313 
0.052624306956148684 0.3880599960162425 
0.16577782973981334 0.21583976005439576 
0.16517736535262792 0.3143132919823951 
0.18731450639742234 0.3256515047283433 
0.1252855868113873 0.32411102667420205 
0.06500948574294696 0.30654288466430535 
0.18999412625505482 0.3417692018110645 
0.1459349881146999 0.3006469503001797 
0.19936765335399267 0.2777757990339698 
0.2714706401474834 0.23218186857473372 
0.09658885446333246 0.37411214632366085 
0.1525451541003908 0.2920329186926438 
0.16583456234116764 0.366775322462203 
0.21805505036525857 0.34824733175877437 
0.16582078017705978 0.26549773601775317 
0.1581902186252256 0.24474159409718524 
0.16034723574477502 0.31866766393847273 
0.1908055661975742 0.3147868105594257 
0.1398944848725842 0.3051180612268229 
0.18450552726510405 0.30992222542414866 
0.23920181847666816 0.34771782388682876 
0.19385739001619146 0.37373671018006105 
0.20196818506851497 0.30153849029662566 
0.1122424094545457 0.3193388761817786 
0.13460099380414847 0.3881296499629461 
0.12413298739486311 0.2916802102242993 
0.09928611044790492 0.3178457592115905 
0.06463064434484547 0.4476368074167185 
0.08078441885307959 0.31924714640473595 
0.18957502785223143 0.3254879433453958 
0.08649073742506772 0.3170552486348781 
0.16650791504923376 0.28233214468310497 
0.13939077671168823 0.3396358280426659 
0.1928508606892679 0.29606230550862733 
0.10549963469511413 0.2947552758690319 
0.19659510045426715 0.4276842548099402 
0.18515807622641464 0.3399739691735055 
0.09523086673703618 0.24264894667235817 
0.15920971543241763 0.27583895536370834 
0.15527996303120095 0.2817356476802981 
0.22971791680394543 0.3358165106440572 
0.139031706114151 0.25060374422217185 
0.08369334558611127 0.23373764253778434 
0.19582706229966798 0.26148086510502694 
0.17334880617863777 0.26282526219901614 
0.2068859756861853 0.2866844193597008 
0.1638123235535531 0.35370428833403267 
0.1688119157029666 0.30525671564534124 
0.13755173968544757 0.3303899733840311 
0.13124048260220092 0.24068180598729627 
0.08707174280784295 0.24707912261532142 
0.112843512604588 0.3064898251659656 
0.1384264079711295 0.3152638799281723 
0.2061900847160403 0.319537634576426 
0.06796036149598449 0.3322478673316137 
0.12778242928781197 0.4063925115454924 
0.0980433441174376 0.32331153221874925 
0.2120944573669147 0.24643432425514306 
0.17434610525766203 0.35302182556126 
0.06682286598762315 0.3164580871674113 
0.182147545912158 0.2506881420134806 
0.20722414058096125 0.28489758076728283 
0.1761171839996608 0.25382135493980723 
0.11852888935303577 0.29911597861590544 
0.10552528369072087 0.3171834790962858 
0.22289393630855284 0.26769431953090606 
0.135563108161931 0.3278538898064094 
0.10452488377307548 0.2587057940877245 
0.0939276274980075 0.3335410458694511 
0.25638444538176813 0.33461340500131664 
0.10924077745086874 0.2914446585958848 
0.07651121817010056 0.4627279351410796 
0.20170408367083134 0.2230147115214218 
0.12335516994537944 0.29987652236815027 
0.11831065035122018 0.2810984182872001 
0.09077407872717366 0.4159673134145587 
0.10780420649672537 0.39417336111302653 
0.14742681725493811 0.26852968657523923 
0.11158346058897933 0.32092923594015893 
0.13696258316488133 0.23798653827779828 
0.13615323587120307 0.29886581369134013 
0.09644139997271853 0.3209576710116288 
0.09514270944093245 0.27440798636720953 
0.05332392315711747 0.31885279510655684 
0.13571911055735197 0.31202537765477983 
0.10959644428423143 0.2850023854410564 
0.14619137949166164 0.261264562090354 
0.13698122767746126 0.3062193290944127 
0.1676713137047096 0.30000781229584605 
0.21564469187456198 0.29752793600879324 
0.19462032707374435 0.28107921146996245 
0.06486078185393308 0.28471422187295464 
0.19080412787359896 0.3053805614053551 
0.1344880920143449 0.29823927296603 
0.1936826377868665 0.30439640308300037 
0.12192446962685216 0.3361866841750557 
0.16167686566888065 0.3335540819746528 
0.15972723945168169 0.26847455901171935 
0.19220212102704398 0.27479577527665217 
0.18229018094753774 0.357045832729036 
0.12436376313768047 0.2837690101890326 
0.0870508811722214 0.36775082244148627 
0.14832361618435133 0.26255058761453326 
0.13490836977322396 0.3201874031753459 
0.13370496522551178 0.2986392105567179 
0.13411709549462553 0.3067103128845681 
0.14954309129788002 0.22123739740330295 
0.07829213090849553 0.4519692341759621 
0.17109039252816663 0.33016210572380783 
0.13305985136665427 0.3105115391100039 
0.11506738328328249 0.2794641587398026 
0.12806648309438376 0.33587676557925444 
0.16378557691955914 0.20766927962605264 
0.21677131933693788 0.28057292750098983 
0.11775795515428143 0.33455095324960926 
0.09798359575873 0.30963534480518884 
0.19670506324047915 0.37263538531810747 
0.10908777752208487 0.32068522039449643 
0.0720895535995021 0.25117935661376267 
0.18018576355408888 0.28490421443035974 
0.04954824391757974 0.27473487496277493 
0.11802616423471982 0.2974143412662213 
0.17684823484380296 0.23495773496278982 
0.17187275137889765 0.3281287617023355 
0.186037102577201 0.28514263074883517 
0.1847242185009185 0.23931231395127073 
0.11827779180357414 0.3501144996633671 
0.12738468845395395 0.2851430625906431 
0.11147760571805702 0.21653941855897046 
0.16305939880796327 0.2995923101661124 
0.12139425083129399 0.28466857807982177 
0.1397798503778337 0.2711884614036467 
0.2158859058733693 0.26752924201658135 
0.12119662221960802 0.3125748952515337 
0.16971783080696967 0.19999285798392813 
0.211315305462337 0.28872874357647665 
0.20003544888228014 0.37314392927206097 
0.08517893609935985 0.39485538673386966 
0.19877971585442628 0.26076373973754485 
0.16817956332226167 0.1464095046934916 
0.09895011867139077 0.3500366164821097 
0.08122095085612246 0.346369963472017 
0.396955864607181 0.8344291823355403 
0.9387763143844248 0.32375036184699724 
0.8196926378684173 0.531647366434152 
0.6336229828470422 0.599982522829754 
0.8643474486439184 0.7446342072357564 
0.3629366952345898 0.4840149744470639 
0.8389797451971116 0.2355868775639487 
0.40774044860129477 0.05617086384797931 
0.19259055423584082 0.28827107376032335 
0.8006747328348164 0.4631698975663069 
0.936360777680883 0.9953607547167488 
0.273843690340424 0.6157621843402117 
0.025156436346465028 0.6575112399120613 
0.9762698208149276 0.8930081269562044 
0.4510405168840005 0.679938600206009 
0.04521623981761003 0.40352801383725845 
0.6608824959759484 0.18919175237980146 
0.49161200991486065 0.33158375614515423 
0.05175805808243028 0.9609685002578238 
0.017042843793866558 0.9046444941082513 
0.7206832731610842 0.1492400608736959 
0.318245606036588 0.5591266034434365 
0.34932897755530035 0.7376131898753552 
0.15477246627044816 0.9522879823939341 
0.08971278151463469 0.595773058256549 
0.956465779393817 0.5707952595647611 
0.583467235713447 0.5170136368641833 
0.029612795302632278 0.820272028805872 
0.7951350893148093 0.6372769017703511 
0.4841247964036649 0.645174735840586 
0.16904316414495102 0.19178631160775816 
0.8488122197012075 0.9246323344135057 
0.7296587892822867 0.6522733101151386 
0.9678039830503147 0.11742495633332617 
0.1369337095689268 0.9059605172155557 
0.17838564698464043 0.888065361493107 
0.3809921055933949 0.2868791673508413 
0.9590075172747912 0.7359865345949542 
0.7546212604257336 0.9507616964558347 
0.2059405823736684 0.9711276420448163 
0.9773744069267176 0.29666550835885397 
0.04803462850743834 0.7317496983975065 
0.8616972067431297 0.8816473508659157 
0.641259355903552 0.12410116547917549 
0.7093409113446447 0.5492217557090945 
0.6981861007315596 0.9785930341499939 
0.7054265217536342 0.29800160021058664 
0.6022940441056047 0.16343180962294857 
0.9378762698507485 0.7538321096837302 
0.8329616348430643 0.874198011185775 
0.31152971706829635 0.9768946675042708 
0.08423029370819879 0.8266466802333828 
0.5491138963808897 0.7346697750388248 
0.8989041231567716 0.8200456819634138 
0.6753382438152964 0.30231357853788143 
0.8592760499164823 0.7096566153655476 
0.865736515002099 0.3139156505836006 
0.37674705654808804 0.4295017493330747 
0.308479684097999 0.18127030897193397 
0.904831910811067 0.34035038288357455 
0.775235112452101 0.12120750043469597 
0.9635216162696125 0.8428961659434802 
0.9262491106546886 0.8881935561781323 
0.707698819852277 0.8923864772831493 
0.9851815656278524 0.8958259573536338 
0.8982793356552558 0.7785038667234154 
0.3108224449845446 0.5290105551555142 
0.041979736073835205 0.29308893235737055 
0.5656721545077037 0.09802362289403721 
0.15408672728923523 0.1983323152250681 
0.6354687655167931 0.0663250337469855 
0.06833147824031305 0.7293535252599015 
0.18909729717077872 0.8959034285022952 
0.46894817063446803 0.7176226510277008 
0.7849169267010147 0.09709755511897611 
0.8522226449447413 0.8054702893086322 
0.7273945162325083 0.8442526489580835 
0.43831337374133394 0.13697037975926618 
0.4570336268600603 0.8242346482038502 
0.6488544402200611 0.8567689569529364 
0.11694039804300416 0.8217386354408964 
0.14182529424939805 0.7259719533502078 
0.08096853155271444 0.9134928325067723 
0.5524001799809396 0.17299319809367641 
0.6512380249759882 0.042872667059575376 
0.026965377195450335 0.13730350245202005 
0.8369229867905292 0.1771038858225984 
0.3572199288900214 0.13531044654239532 
0.11155606683805641 0.2111481147908596 
0.022251644663162984 0.0801378972714587 
0.31269844294602955 0.27552739420926875 
0.728706467648233 0.5208628296315604 
0.39567566154870626 0.12975921980639782 
0.10264663634875304 0.13180649561052293 
0.5821811907519391 0.8787372084347521 
0.031418883841017764 0.47876612042216715 
0.5549017405074819 0.33630653857321346 
0.7798307733308563 0.31661171711019587 
0.7409189565339201 0.9784476748806642 
0.4121600384941855 0.9314626522036635 
0.3994944445109282 0.5778956025762243 
0.2399978237440321 0.33069676523516245 
0.18394639766073273 0.29268615336090464 
0.9856540152067379 0.4053344367296673 
0.08267741229558012 0.19303488230070953 
0.10182857163532844 0.541878807360847 
0.1610151869153389 0.9541179953122347 
0.2204800945869959 0.5444827611605643 
0.323378833438835 0.7167392233437164 
0.017298987723717518 0.14335161412502018 
0.3943852424831156 0.923530055230888 
0.8729191596937166 0.8115806169151693 
0.17786183162709823 0.2752451944695874 
0.5879790703970544 0.09016421427447974 
0.7943330977345097 0.8198792887917468 
0.06636903795562066 0.1297041087426667 
0.520400092374793 0.5867444037198898 
0.31947869291927333 0.697381633224281 
0.5575339600477166 0.10831259248056113 
0.36398488643669524 0.4690491003594659 
0.643155249049558 0.6345412894481551 
0.5866966922376999 0.028834085295504464 
0.18347351990394034 0.8375638793822 
0.9322010588654679 0.6324393567208958 
0.6354121424529018 0.3290412710263574 
0.8325293192963557 0.45536056118916535 
0.19404569442236919 0.3681350153419889 
0.14279037503110015 0.7435324318217944 
0.45232823684363865 0.7249758927534056 
0.4726945768177758 0.011453650048834807 
0.591492776349357 0.7826666473960262 
0.21111728311856326 0.19162964405230398 
0.8333534939178887 0.6102709574712893 
0.2293284825028329 0.4292111576899629 
0.33984407581139653 0.9199052432137269 
0.7182413794781248 0.0369961868372517 
0.4804768311707759 0.5329639332418663 
0.8660093589279899 0.9785013081944091 
0.40500927997721314 0.22367248520719796 
0.11452684507883726 0.1305978730476176 
0.15645556301115326 0.5825770840753449 
0.5468669554992786 0.4922475151312671 
0.1386829830170182 0.8482435094140447 
0.5524147921324776 0.45216043425260166 
0.6131839436039102 0.49235218338035747 
0.2924319449488817 0.2057389657101042 
0.0412164252397339 0.7115398869390536 
0.6460143856114334 0.4204580893676284 
0.5103571129536407 0.8787534771935152 
0.2548826071841963 0.2888735033166021 
0.18861269263055058 0.43754403922702845 
0.005169010440669641 0.17973713240344524 
0.734586855776873 0.6846449719251765 
0.785344697460671 0.20023867175710874 
0.8588018850562097 0.3793408284900307 
0.6416538482761668 0.11618115701410825 
0.7791250350923832 0.1425481101822933 
0.5159007230924287 0.24193753332195966 
0.1423521094795992 0.16419311141884985 
0.595160948385453 0.10832400282513666 
0.09435132614363062 0.8243864234951258 
0.9289649609480961 0.9440654145667201 
0.5727729778144088 0.4520569602490513 
0.37672835770829693 0.2653166910623417 
0.5691813584519981 0.5941232478604332 
0.13668052190223345 0.15774352881953446 
0.06156738380504634 0.8489433318608474 
0.07726905933705508 0.15695459092480368 
0.5535514818329406 0.5296986662448384 
0.8429945635217925 0.9856163371188896 
0.6731883801235924 0.16653195603836413 
0.23885651546274067 0.7893711810800521 
0.08213649514172483 0.13067203963245344 
0.7110679646085739 0.9287181570057249 
0.025056728903319336 0.46944409690767874 
0.8364226757850163 0.8303045061638894 
