2308 2
0.8174603174603174 0.0 
0.8492063492063492 0.003937007874015748 
0.003968253968253968 0.007874015748031496 
0.49206349206349204 0.011811023622047244 
0.6706349206349206 0.015748031496062992 
0.8333333333333334 0.015748031496062992 
0.7857142857142857 0.01968503937007874 
0.8452380952380952 0.01968503937007874 
0.5158730158730159 0.023622047244094488 
0.08333333333333333 0.027559055118110236 
0.09126984126984126 0.031496062992125984 
0.7777777777777778 0.03543307086614173 
0.8888888888888888 0.03937007874015748 
0.8373015873015873 0.04330708661417323 
0.6150793650793651 0.047244094488188976 
0.8849206349206349 0.047244094488188976 
0.4007936507936508 0.05511811023622047 
0.5198412698412699 0.05511811023622047 
0.5436507936507936 0.05511811023622047 
0.376984126984127 0.05905511811023622 
0.7817460317460317 0.05905511811023622 
0.8809523809523809 0.06299212598425197 
0.5515873015873016 0.06692913385826772 
0.6150793650793651 0.06692913385826772 
0.7936507936507936 0.07480314960629922 
0.8452380952380952 0.07480314960629922 
0.9841269841269841 0.07480314960629922 
0.8611111111111112 0.07874015748031496 
0.8849206349206349 0.07874015748031496 
0.1865079365079365 0.08267716535433071 
0.19444444444444445 0.08661417322834646 
0.2261904761904762 0.08661417322834646 
0.3492063492063492 0.08661417322834646 
0.08333333333333333 0.09055118110236221 
0.8571428571428571 0.09448818897637795 
0.06349206349206349 0.0984251968503937 
0.9007936507936508 0.0984251968503937 
0.9246031746031746 0.0984251968503937 
0.27380952380952384 0.10236220472440945 
0.9166666666666666 0.10236220472440945 
0.5277777777777778 0.1062992125984252 
0.9047619047619048 0.1062992125984252 
0.16666666666666666 0.11023622047244094 
0.24206349206349206 0.11023622047244094 
0.9285714285714286 0.11023622047244094 
0.12301587301587301 0.1141732283464567 
0.2619047619047619 0.1141732283464567 
0.30158730158730157 0.1141732283464567 
0.6309523809523809 0.1141732283464567 
0.24603174603174602 0.11811023622047244 
0.10714285714285714 0.1220472440944882 
0.17063492063492064 0.1220472440944882 
0.1984126984126984 0.1220472440944882 
0.9801587301587301 0.1220472440944882 
0.20238095238095238 0.12598425196850394 
0.21031746031746032 0.12598425196850394 
0.6507936507936508 0.12598425196850394 
0.7301587301587301 0.12598425196850394 
0.15476190476190477 0.12992125984251968 
0.1746031746031746 0.12992125984251968 
0.1984126984126984 0.12992125984251968 
0.25396825396825395 0.12992125984251968 
0.3333333333333333 0.12992125984251968 
0.5277777777777778 0.12992125984251968 
0.11507936507936507 0.13385826771653545 
0.16666666666666666 0.13385826771653545 
0.17857142857142858 0.13385826771653545 
0.19047619047619047 0.13385826771653545 
0.8849206349206349 0.13385826771653545 
0.21825396825396826 0.1377952755905512 
0.30158730158730157 0.1377952755905512 
0.8968253968253969 0.1377952755905512 
0.16666666666666666 0.14173228346456693 
0.17063492063492064 0.14173228346456693 
0.20238095238095238 0.14173228346456693 
0.20634920634920634 0.14173228346456693 
0.21825396825396826 0.14173228346456693 
0.23809523809523808 0.14173228346456693 
0.753968253968254 0.14173228346456693 
0.17063492063492064 0.14566929133858267 
0.23809523809523808 0.14566929133858267 
0.14682539682539683 0.14960629921259844 
0.15873015873015872 0.14960629921259844 
0.1626984126984127 0.14960629921259844 
0.18253968253968253 0.14960629921259844 
0.19444444444444445 0.14960629921259844 
0.21825396825396826 0.14960629921259844 
0.2261904761904762 0.14960629921259844 
0.2896825396825397 0.14960629921259844 
0.4365079365079365 0.14960629921259844 
0.15079365079365079 0.15748031496062992 
0.1626984126984127 0.15748031496062992 
0.16666666666666666 0.15748031496062992 
0.17857142857142858 0.15748031496062992 
0.18253968253968253 0.15748031496062992 
0.2261904761904762 0.15748031496062992 
0.23809523809523808 0.15748031496062992 
0.2619047619047619 0.15748031496062992 
0.6190476190476191 0.15748031496062992 
0.11904761904761904 0.16141732283464566 
0.1865079365079365 0.16141732283464566 
0.19047619047619047 0.16141732283464566 
0.21428571428571427 0.16141732283464566 
0.2619047619047619 0.16141732283464566 
0.42857142857142855 0.16141732283464566 
0.9722222222222222 0.16141732283464566 
0.15476190476190477 0.16535433070866143 
0.17063492063492064 0.16535433070866143 
0.19047619047619047 0.16535433070866143 
0.25 0.16535433070866143 
0.5595238095238095 0.16535433070866143 
0.10714285714285714 0.16929133858267717 
0.14682539682539683 0.16929133858267717 
0.15079365079365079 0.16929133858267717 
0.18253968253968253 0.16929133858267717 
0.20238095238095238 0.16929133858267717 
0.20634920634920634 0.16929133858267717 
0.23412698412698413 0.16929133858267717 
0.2777777777777778 0.16929133858267717 
0.3333333333333333 0.16929133858267717 
0.35714285714285715 0.16929133858267717 
0.5753968253968254 0.16929133858267717 
0.1349206349206349 0.1732283464566929 
0.15079365079365079 0.1732283464566929 
0.1626984126984127 0.1732283464566929 
0.19047619047619047 0.1732283464566929 
0.19444444444444445 0.1732283464566929 
0.20634920634920634 0.1732283464566929 
0.24206349206349206 0.1732283464566929 
0.2857142857142857 0.1732283464566929 
0.42063492063492064 0.1732283464566929 
0.1111111111111111 0.17716535433070865 
0.12698412698412698 0.17716535433070865 
0.1746031746031746 0.17716535433070865 
0.1865079365079365 0.17716535433070865 
0.1984126984126984 0.17716535433070865 
0.21031746031746032 0.17716535433070865 
0.21428571428571427 0.17716535433070865 
0.2261904761904762 0.17716535433070865 
0.23015873015873015 0.17716535433070865 
0.24206349206349206 0.17716535433070865 
0.25396825396825395 0.17716535433070865 
0.5873015873015873 0.17716535433070865 
0.14682539682539683 0.18110236220472442 
0.17857142857142858 0.18110236220472442 
0.1984126984126984 0.18110236220472442 
0.21031746031746032 0.18110236220472442 
0.23015873015873015 0.18110236220472442 
0.23412698412698413 0.18110236220472442 
0.23809523809523808 0.18110236220472442 
0.6111111111111112 0.18110236220472442 
0.6190476190476191 0.18110236220472442 
0.6507936507936508 0.18110236220472442 
0.1349206349206349 0.18503937007874016 
0.1626984126984127 0.18503937007874016 
0.19047619047619047 0.18503937007874016 
0.19444444444444445 0.18503937007874016 
0.20634920634920634 0.18503937007874016 
0.21031746031746032 0.18503937007874016 
0.21825396825396826 0.18503937007874016 
0.1349206349206349 0.1889763779527559 
0.1626984126984127 0.1889763779527559 
0.1746031746031746 0.1889763779527559 
0.18253968253968253 0.1889763779527559 
0.20238095238095238 0.1889763779527559 
0.21825396825396826 0.1889763779527559 
0.23412698412698413 0.1889763779527559 
0.9523809523809523 0.1889763779527559 
0.1865079365079365 0.19291338582677164 
0.19047619047619047 0.19291338582677164 
0.19444444444444445 0.19291338582677164 
0.21428571428571427 0.19291338582677164 
0.2261904761904762 0.19291338582677164 
0.1626984126984127 0.1968503937007874 
0.17857142857142858 0.1968503937007874 
0.18253968253968253 0.1968503937007874 
0.20634920634920634 0.1968503937007874 
0.21031746031746032 0.1968503937007874 
0.21428571428571427 0.1968503937007874 
0.23015873015873015 0.1968503937007874 
0.23412698412698413 0.1968503937007874 
0.8293650793650794 0.1968503937007874 
0.12301587301587301 0.20078740157480315 
0.12698412698412698 0.20078740157480315 
0.1746031746031746 0.20078740157480315 
0.17857142857142858 0.20078740157480315 
0.19444444444444445 0.20078740157480315 
0.20238095238095238 0.20078740157480315 
0.2222222222222222 0.20078740157480315 
0.25396825396825395 0.20078740157480315 
0.2698412698412698 0.20078740157480315 
0.14285714285714285 0.2047244094488189 
0.1626984126984127 0.2047244094488189 
0.1746031746031746 0.2047244094488189 
0.1865079365079365 0.2047244094488189 
0.21031746031746032 0.2047244094488189 
0.23809523809523808 0.2047244094488189 
0.25396825396825395 0.2047244094488189 
0.3888888888888889 0.2047244094488189 
0.14285714285714285 0.20866141732283464 
0.17063492063492064 0.20866141732283464 
0.17857142857142858 0.20866141732283464 
0.1865079365079365 0.20866141732283464 
0.20238095238095238 0.20866141732283464 
0.21031746031746032 0.20866141732283464 
0.21428571428571427 0.20866141732283464 
0.2261904761904762 0.20866141732283464 
0.23015873015873015 0.20866141732283464 
0.23809523809523808 0.20866141732283464 
0.25396825396825395 0.20866141732283464 
0.2777777777777778 0.20866141732283464 
0.3055555555555556 0.20866141732283464 
0.44841269841269843 0.20866141732283464 
0.75 0.20866141732283464 
0.12301587301587301 0.2125984251968504 
0.12698412698412698 0.2125984251968504 
0.15873015873015872 0.2125984251968504 
0.5436507936507936 0.2125984251968504 
0.13095238095238096 0.21653543307086615 
0.19444444444444445 0.21653543307086615 
0.21428571428571427 0.21653543307086615 
0.23015873015873015 0.21653543307086615 
0.31746031746031744 0.21653543307086615 
0.5873015873015873 0.21653543307086615 
0.6349206349206349 0.21653543307086615 
0.7738095238095238 0.21653543307086615 
0.14682539682539683 0.2204724409448819 
0.1746031746031746 0.2204724409448819 
0.17857142857142858 0.2204724409448819 
0.1865079365079365 0.2204724409448819 
0.19444444444444445 0.2204724409448819 
0.21031746031746032 0.2204724409448819 
0.2222222222222222 0.2204724409448819 
0.2261904761904762 0.2204724409448819 
0.24603174603174602 0.2204724409448819 
0.5079365079365079 0.2204724409448819 
0.5198412698412699 0.2204724409448819 
0.6865079365079365 0.2204724409448819 
0.7817460317460317 0.2204724409448819 
0.15476190476190477 0.22440944881889763 
0.1626984126984127 0.22440944881889763 
0.17063492063492064 0.22440944881889763 
0.19444444444444445 0.22440944881889763 
0.21031746031746032 0.22440944881889763 
0.23809523809523808 0.22440944881889763 
0.48412698412698413 0.22440944881889763 
0.5714285714285714 0.22440944881889763 
0.6865079365079365 0.22440944881889763 
0.15476190476190477 0.2283464566929134 
0.18253968253968253 0.2283464566929134 
0.1865079365079365 0.2283464566929134 
0.19444444444444445 0.2283464566929134 
0.20238095238095238 0.2283464566929134 
0.3055555555555556 0.2283464566929134 
0.5357142857142857 0.2283464566929134 
0.6309523809523809 0.2283464566929134 
0.15079365079365079 0.23228346456692914 
0.15476190476190477 0.23228346456692914 
0.17857142857142858 0.23228346456692914 
0.5833333333333334 0.23228346456692914 
0.6746031746031746 0.23228346456692914 
0.8015873015873016 0.23228346456692914 
0.18253968253968253 0.23622047244094488 
0.19047619047619047 0.23622047244094488 
0.20238095238095238 0.23622047244094488 
0.2777777777777778 0.23622047244094488 
0.5357142857142857 0.23622047244094488 
0.5476190476190477 0.23622047244094488 
0.5555555555555556 0.23622047244094488 
0.7222222222222222 0.23622047244094488 
0.15476190476190477 0.24015748031496062 
0.1746031746031746 0.24015748031496062 
0.1865079365079365 0.24015748031496062 
0.20634920634920634 0.24015748031496062 
0.2222222222222222 0.24015748031496062 
0.23015873015873015 0.24015748031496062 
0.6150793650793651 0.24015748031496062 
0.6309523809523809 0.24015748031496062 
0.6666666666666666 0.24015748031496062 
0.15476190476190477 0.2440944881889764 
0.1865079365079365 0.2440944881889764 
0.5357142857142857 0.2440944881889764 
0.6547619047619048 0.2440944881889764 
0.6587301587301587 0.2440944881889764 
0.6904761904761905 0.2440944881889764 
0.7103174603174603 0.2440944881889764 
0.7698412698412699 0.2440944881889764 
0.1746031746031746 0.24803149606299213 
0.2619047619047619 0.24803149606299213 
0.5277777777777778 0.24803149606299213 
0.5674603174603174 0.24803149606299213 
0.5952380952380952 0.24803149606299213 
0.1746031746031746 0.25196850393700787 
0.19047619047619047 0.25196850393700787 
0.28174603174603174 0.25196850393700787 
0.5396825396825397 0.25196850393700787 
0.5793650793650794 0.25196850393700787 
0.21031746031746032 0.2559055118110236 
0.21825396825396826 0.2559055118110236 
0.25 0.2559055118110236 
0.623015873015873 0.2559055118110236 
0.2261904761904762 0.25984251968503935 
0.5476190476190477 0.25984251968503935 
0.05555555555555555 0.2637795275590551 
0.25396825396825395 0.2637795275590551 
0.5079365079365079 0.2637795275590551 
0.5476190476190477 0.2677165354330709 
0.5952380952380952 0.2677165354330709 
0.623015873015873 0.2677165354330709 
0.6904761904761905 0.2677165354330709 
0.7063492063492064 0.2677165354330709 
0.42857142857142855 0.27165354330708663 
0.49206349206349204 0.27165354330708663 
0.5357142857142857 0.27165354330708663 
0.5595238095238095 0.27165354330708663 
0.5952380952380952 0.27165354330708663 
0.7698412698412699 0.27165354330708663 
0.9523809523809523 0.27165354330708663 
0.05555555555555555 0.2755905511811024 
0.4722222222222222 0.2755905511811024 
0.5555555555555556 0.2755905511811024 
0.5833333333333334 0.2755905511811024 
0.6507936507936508 0.2755905511811024 
0.6666666666666666 0.2755905511811024 
0.6825396825396826 0.2755905511811024 
0.4642857142857143 0.2795275590551181 
0.5277777777777778 0.2795275590551181 
0.2261904761904762 0.28346456692913385 
0.5912698412698413 0.28346456692913385 
0.5238095238095238 0.2874015748031496 
0.5357142857142857 0.2874015748031496 
0.6031746031746031 0.2874015748031496 
0.6150793650793651 0.2874015748031496 
0.623015873015873 0.2874015748031496 
0.6666666666666666 0.2874015748031496 
0.7420634920634921 0.2874015748031496 
0.7936507936507936 0.2874015748031496 
0.9484126984126984 0.2874015748031496 
0.4880952380952381 0.29133858267716534 
0.5396825396825397 0.29133858267716534 
0.5873015873015873 0.29133858267716534 
0.6031746031746031 0.29133858267716534 
0.6071428571428571 0.29133858267716534 
0.6150793650793651 0.29133858267716534 
0.6388888888888888 0.29133858267716534 
0.6587301587301587 0.29133858267716534 
0.6746031746031746 0.29133858267716534 
0.07539682539682539 0.2952755905511811 
0.23809523809523808 0.2952755905511811 
0.5317460317460317 0.2952755905511811 
0.5674603174603174 0.2952755905511811 
0.5753968253968254 0.2952755905511811 
0.6746031746031746 0.2952755905511811 
0.2698412698412698 0.2992125984251969 
0.5436507936507936 0.2992125984251969 
0.5714285714285714 0.2992125984251969 
0.6507936507936508 0.2992125984251969 
0.6626984126984127 0.2992125984251969 
0.7777777777777778 0.2992125984251969 
0.07142857142857142 0.3031496062992126 
0.42857142857142855 0.3031496062992126 
0.4801587301587302 0.3031496062992126 
0.49603174603174605 0.3031496062992126 
0.5238095238095238 0.3031496062992126 
0.5277777777777778 0.3031496062992126 
0.5436507936507936 0.3031496062992126 
0.5634920634920635 0.3031496062992126 
0.5912698412698413 0.3031496062992126 
0.1984126984126984 0.30708661417322836 
0.39285714285714285 0.30708661417322836 
0.4642857142857143 0.30708661417322836 
0.5158730158730159 0.30708661417322836 
0.5634920634920635 0.30708661417322836 
0.623015873015873 0.30708661417322836 
0.6547619047619048 0.30708661417322836 
0.05555555555555555 0.3110236220472441 
0.07539682539682539 0.3110236220472441 
0.3055555555555556 0.3110236220472441 
0.3531746031746032 0.3110236220472441 
0.43253968253968256 0.3110236220472441 
0.6547619047619048 0.3110236220472441 
0.14682539682539683 0.31496062992125984 
0.5595238095238095 0.31496062992125984 
0.6071428571428571 0.31496062992125984 
0.6547619047619048 0.31496062992125984 
0.6626984126984127 0.31496062992125984 
0.6825396825396826 0.31496062992125984 
0.7619047619047619 0.31496062992125984 
0.023809523809523808 0.3188976377952756 
0.5 0.3188976377952756 
0.5198412698412699 0.3188976377952756 
0.5277777777777778 0.3188976377952756 
0.5357142857142857 0.3188976377952756 
0.5674603174603174 0.3188976377952756 
0.5714285714285714 0.3188976377952756 
0.6190476190476191 0.3188976377952756 
0.6428571428571429 0.3188976377952756 
0.6507936507936508 0.3188976377952756 
0.6746031746031746 0.3188976377952756 
0.7222222222222222 0.3188976377952756 
0.8333333333333334 0.3188976377952756 
0.4087301587301587 0.3228346456692913 
0.4126984126984127 0.3228346456692913 
0.5357142857142857 0.3228346456692913 
0.5555555555555556 0.3228346456692913 
0.5912698412698413 0.3228346456692913 
0.6031746031746031 0.3228346456692913 
0.623015873015873 0.3228346456692913 
0.7103174603174603 0.3228346456692913 
0.7301587301587301 0.3228346456692913 
0.8571428571428571 0.3228346456692913 
0.15079365079365079 0.32677165354330706 
0.2619047619047619 0.32677165354330706 
0.5396825396825397 0.32677165354330706 
0.5476190476190477 0.32677165354330706 
0.5674603174603174 0.32677165354330706 
0.5833333333333334 0.32677165354330706 
0.5912698412698413 0.32677165354330706 
0.5952380952380952 0.32677165354330706 
0.5992063492063492 0.32677165354330706 
0.6031746031746031 0.32677165354330706 
0.6150793650793651 0.32677165354330706 
0.6309523809523809 0.32677165354330706 
0.8571428571428571 0.32677165354330706 
0.4087301587301587 0.33070866141732286 
0.5317460317460317 0.33070866141732286 
0.5714285714285714 0.33070866141732286 
0.5833333333333334 0.33070866141732286 
0.6309523809523809 0.33070866141732286 
0.7261904761904762 0.33070866141732286 
0.876984126984127 0.33070866141732286 
0.24603174603174602 0.3346456692913386 
0.5079365079365079 0.3346456692913386 
0.5277777777777778 0.3346456692913386 
0.5555555555555556 0.3346456692913386 
0.5793650793650794 0.3346456692913386 
0.7023809523809523 0.3346456692913386 
0.36507936507936506 0.33858267716535434 
0.48412698412698413 0.33858267716535434 
0.5119047619047619 0.33858267716535434 
0.5436507936507936 0.33858267716535434 
0.5476190476190477 0.33858267716535434 
0.5595238095238095 0.33858267716535434 
0.5714285714285714 0.33858267716535434 
0.23015873015873015 0.3425196850393701 
0.49206349206349204 0.3425196850393701 
0.5119047619047619 0.3425196850393701 
0.5555555555555556 0.3425196850393701 
0.5595238095238095 0.3425196850393701 
0.5714285714285714 0.3425196850393701 
0.6031746031746031 0.3425196850393701 
0.6309523809523809 0.3425196850393701 
0.6825396825396826 0.3425196850393701 
0.7142857142857143 0.3425196850393701 
0.7579365079365079 0.3425196850393701 
0.8571428571428571 0.3425196850393701 
0.9761904761904762 0.3425196850393701 
0.4722222222222222 0.3464566929133858 
0.503968253968254 0.3464566929133858 
0.5595238095238095 0.3464566929133858 
0.5634920634920635 0.3464566929133858 
0.6150793650793651 0.3464566929133858 
0.6507936507936508 0.3464566929133858 
0.6666666666666666 0.3464566929133858 
0.6706349206349206 0.3464566929133858 
0.7063492063492064 0.3464566929133858 
0.7261904761904762 0.3464566929133858 
0.4246031746031746 0.35039370078740156 
0.5277777777777778 0.35039370078740156 
0.5674603174603174 0.35039370078740156 
0.5833333333333334 0.35039370078740156 
0.5873015873015873 0.35039370078740156 
0.5912698412698413 0.35039370078740156 
0.6150793650793651 0.35039370078740156 
0.6666666666666666 0.35039370078740156 
0.6825396825396826 0.35039370078740156 
0.8055555555555556 0.35039370078740156 
0.5 0.3543307086614173 
0.5198412698412699 0.3543307086614173 
0.5833333333333334 0.3543307086614173 
0.6666666666666666 0.3543307086614173 
0.6706349206349206 0.3543307086614173 
0.753968253968254 0.3543307086614173 
0.20634920634920634 0.35826771653543305 
0.4523809523809524 0.35826771653543305 
0.5158730158730159 0.35826771653543305 
0.5198412698412699 0.35826771653543305 
0.5674603174603174 0.35826771653543305 
0.5714285714285714 0.35826771653543305 
0.5992063492063492 0.35826771653543305 
0.6190476190476191 0.35826771653543305 
0.6587301587301587 0.35826771653543305 
0.7182539682539683 0.35826771653543305 
0.4246031746031746 0.36220472440944884 
0.43253968253968256 0.36220472440944884 
0.5317460317460317 0.36220472440944884 
0.5476190476190477 0.36220472440944884 
0.5873015873015873 0.36220472440944884 
0.626984126984127 0.36220472440944884 
0.6309523809523809 0.36220472440944884 
0.6388888888888888 0.36220472440944884 
0.6507936507936508 0.36220472440944884 
0.6825396825396826 0.36220472440944884 
0.7063492063492064 0.36220472440944884 
0.7658730158730159 0.36220472440944884 
0.9523809523809523 0.36220472440944884 
0.2976190476190476 0.3661417322834646 
0.45634920634920634 0.3661417322834646 
0.49206349206349204 0.3661417322834646 
0.5158730158730159 0.3661417322834646 
0.5952380952380952 0.3661417322834646 
0.5992063492063492 0.3661417322834646 
0.6706349206349206 0.3661417322834646 
0.6785714285714286 0.3661417322834646 
0.8055555555555556 0.3661417322834646 
0.31746031746031744 0.3700787401574803 
0.5515873015873016 0.3700787401574803 
0.5555555555555556 0.3700787401574803 
0.5952380952380952 0.3700787401574803 
0.6111111111111112 0.3700787401574803 
0.6190476190476191 0.3700787401574803 
0.623015873015873 0.3700787401574803 
0.6309523809523809 0.3700787401574803 
0.6587301587301587 0.3700787401574803 
0.6626984126984127 0.3700787401574803 
0.30952380952380953 0.37401574803149606 
0.5119047619047619 0.37401574803149606 
0.5238095238095238 0.37401574803149606 
0.5912698412698413 0.37401574803149606 
0.5992063492063492 0.37401574803149606 
0.623015873015873 0.37401574803149606 
0.6349206349206349 0.37401574803149606 
0.6507936507936508 0.37401574803149606 
0.8134920634920635 0.37401574803149606 
0.11507936507936507 0.3779527559055118 
0.2857142857142857 0.3779527559055118 
0.3333333333333333 0.3779527559055118 
0.373015873015873 0.3779527559055118 
0.4722222222222222 0.3779527559055118 
0.503968253968254 0.3779527559055118 
0.5833333333333334 0.3779527559055118 
0.5912698412698413 0.3779527559055118 
0.5992063492063492 0.3779527559055118 
0.6111111111111112 0.3779527559055118 
0.623015873015873 0.3779527559055118 
0.8412698412698413 0.3779527559055118 
0.09126984126984126 0.38188976377952755 
0.4722222222222222 0.38188976377952755 
0.5198412698412699 0.38188976377952755 
0.5238095238095238 0.38188976377952755 
0.5476190476190477 0.38188976377952755 
0.5515873015873016 0.38188976377952755 
0.5595238095238095 0.38188976377952755 
0.5634920634920635 0.38188976377952755 
0.6071428571428571 0.38188976377952755 
0.6388888888888888 0.38188976377952755 
0.6468253968253969 0.38188976377952755 
0.6666666666666666 0.38188976377952755 
0.6904761904761905 0.38188976377952755 
0.42063492063492064 0.3858267716535433 
0.46825396825396826 0.3858267716535433 
0.4722222222222222 0.3858267716535433 
0.5079365079365079 0.3858267716535433 
0.5952380952380952 0.3858267716535433 
0.6071428571428571 0.3858267716535433 
0.6309523809523809 0.3858267716535433 
0.6626984126984127 0.3858267716535433 
0.746031746031746 0.3858267716535433 
0.4880952380952381 0.38976377952755903 
0.49603174603174605 0.38976377952755903 
0.5119047619047619 0.38976377952755903 
0.5714285714285714 0.38976377952755903 
0.5753968253968254 0.38976377952755903 
0.5873015873015873 0.38976377952755903 
0.6190476190476191 0.38976377952755903 
0.626984126984127 0.38976377952755903 
0.6388888888888888 0.38976377952755903 
0.6547619047619048 0.38976377952755903 
0.7142857142857143 0.38976377952755903 
0.7777777777777778 0.38976377952755903 
0.2857142857142857 0.3937007874015748 
0.46825396825396826 0.3937007874015748 
0.5793650793650794 0.3937007874015748 
0.5873015873015873 0.3937007874015748 
0.6071428571428571 0.3937007874015748 
0.626984126984127 0.3937007874015748 
0.6468253968253969 0.3937007874015748 
0.6547619047619048 0.3937007874015748 
0.7182539682539683 0.3937007874015748 
0.8333333333333334 0.3937007874015748 
0.38095238095238093 0.39763779527559057 
0.39285714285714285 0.39763779527559057 
0.5238095238095238 0.39763779527559057 
0.5634920634920635 0.39763779527559057 
0.5714285714285714 0.39763779527559057 
0.5873015873015873 0.39763779527559057 
0.6150793650793651 0.39763779527559057 
0.6309523809523809 0.39763779527559057 
0.6507936507936508 0.39763779527559057 
0.7222222222222222 0.39763779527559057 
0.48412698412698413 0.4015748031496063 
0.5595238095238095 0.4015748031496063 
0.5634920634920635 0.4015748031496063 
0.5753968253968254 0.4015748031496063 
0.6111111111111112 0.4015748031496063 
0.623015873015873 0.4015748031496063 
0.6428571428571429 0.4015748031496063 
0.6706349206349206 0.4015748031496063 
0.6746031746031746 0.4015748031496063 
0.7142857142857143 0.4015748031496063 
0.7380952380952381 0.4015748031496063 
0.03571428571428571 0.40551181102362205 
0.35714285714285715 0.40551181102362205 
0.44841269841269843 0.40551181102362205 
0.45634920634920634 0.40551181102362205 
0.4722222222222222 0.40551181102362205 
0.5277777777777778 0.40551181102362205 
0.5476190476190477 0.40551181102362205 
0.5714285714285714 0.40551181102362205 
0.5873015873015873 0.40551181102362205 
0.6031746031746031 0.40551181102362205 
0.6071428571428571 0.40551181102362205 
0.6428571428571429 0.40551181102362205 
0.6468253968253969 0.40551181102362205 
0.7380952380952381 0.40551181102362205 
0.7579365079365079 0.40551181102362205 
0.876984126984127 0.40551181102362205 
0.26587301587301587 0.4094488188976378 
0.373015873015873 0.4094488188976378 
0.4801587301587302 0.4094488188976378 
0.5198412698412699 0.4094488188976378 
0.5317460317460317 0.4094488188976378 
0.5595238095238095 0.4094488188976378 
0.5674603174603174 0.4094488188976378 
0.5873015873015873 0.4094488188976378 
0.623015873015873 0.4094488188976378 
0.6309523809523809 0.4094488188976378 
0.7103174603174603 0.4094488188976378 
0.35714285714285715 0.41338582677165353 
0.373015873015873 0.41338582677165353 
0.5317460317460317 0.41338582677165353 
0.5833333333333334 0.41338582677165353 
0.6150793650793651 0.41338582677165353 
0.6190476190476191 0.41338582677165353 
0.623015873015873 0.41338582677165353 
0.6309523809523809 0.41338582677165353 
0.7341269841269841 0.41338582677165353 
0.23015873015873015 0.41732283464566927 
0.24206349206349206 0.41732283464566927 
0.4444444444444444 0.41732283464566927 
0.45634920634920634 0.41732283464566927 
0.48412698412698413 0.41732283464566927 
0.5119047619047619 0.41732283464566927 
0.5238095238095238 0.41732283464566927 
0.5515873015873016 0.41732283464566927 
0.5753968253968254 0.41732283464566927 
0.6626984126984127 0.41732283464566927 
0.6785714285714286 0.41732283464566927 
0.7063492063492064 0.41732283464566927 
0.29365079365079366 0.421259842519685 
0.4087301587301587 0.421259842519685 
0.4722222222222222 0.421259842519685 
0.4880952380952381 0.421259842519685 
0.5634920634920635 0.421259842519685 
0.5714285714285714 0.421259842519685 
0.6071428571428571 0.421259842519685 
0.626984126984127 0.421259842519685 
0.6785714285714286 0.421259842519685 
0.7063492063492064 0.421259842519685 
0.753968253968254 0.421259842519685 
0.7817460317460317 0.421259842519685 
0.25793650793650796 0.4251968503937008 
0.3333333333333333 0.4251968503937008 
0.3531746031746032 0.4251968503937008 
0.5119047619047619 0.4251968503937008 
0.5238095238095238 0.4251968503937008 
0.5436507936507936 0.4251968503937008 
0.5714285714285714 0.4251968503937008 
0.5753968253968254 0.4251968503937008 
0.5793650793650794 0.4251968503937008 
0.6071428571428571 0.4251968503937008 
0.6190476190476191 0.4251968503937008 
0.6507936507936508 0.4251968503937008 
0.6626984126984127 0.4251968503937008 
0.1984126984126984 0.42913385826771655 
0.3968253968253968 0.42913385826771655 
0.42857142857142855 0.42913385826771655 
0.4444444444444444 0.42913385826771655 
0.49206349206349204 0.42913385826771655 
0.5238095238095238 0.42913385826771655 
0.5277777777777778 0.42913385826771655 
0.5634920634920635 0.42913385826771655 
0.6587301587301587 0.42913385826771655 
0.6666666666666666 0.42913385826771655 
0.25793650793650796 0.4330708661417323 
0.2698412698412698 0.4330708661417323 
0.2777777777777778 0.4330708661417323 
0.3412698412698413 0.4330708661417323 
0.376984126984127 0.4330708661417323 
0.4444444444444444 0.4330708661417323 
0.4603174603174603 0.4330708661417323 
0.4880952380952381 0.4330708661417323 
0.5198412698412699 0.4330708661417323 
0.5238095238095238 0.4330708661417323 
0.5595238095238095 0.4330708661417323 
0.6111111111111112 0.4330708661417323 
0.6349206349206349 0.4330708661417323 
0.6388888888888888 0.4330708661417323 
0.6428571428571429 0.4330708661417323 
0.6865079365079365 0.4330708661417323 
0.3373015873015873 0.43700787401574803 
0.3531746031746032 0.43700787401574803 
0.4603174603174603 0.43700787401574803 
0.47619047619047616 0.43700787401574803 
0.5674603174603174 0.43700787401574803 
0.5753968253968254 0.43700787401574803 
0.5873015873015873 0.43700787401574803 
0.6150793650793651 0.43700787401574803 
0.6309523809523809 0.43700787401574803 
0.6587301587301587 0.43700787401574803 
0.7182539682539683 0.43700787401574803 
0.7341269841269841 0.43700787401574803 
0.0992063492063492 0.4409448818897638 
0.25793650793650796 0.4409448818897638 
0.376984126984127 0.4409448818897638 
0.38095238095238093 0.4409448818897638 
0.4126984126984127 0.4409448818897638 
0.43253968253968256 0.4409448818897638 
0.5158730158730159 0.4409448818897638 
0.5317460317460317 0.4409448818897638 
0.5396825396825397 0.4409448818897638 
0.5634920634920635 0.4409448818897638 
0.626984126984127 0.4409448818897638 
0.7103174603174603 0.4409448818897638 
0.7222222222222222 0.4409448818897638 
0.18253968253968253 0.4448818897637795 
0.2261904761904762 0.4448818897637795 
0.25 0.4448818897637795 
0.2896825396825397 0.4448818897637795 
0.2976190476190476 0.4448818897637795 
0.31746031746031744 0.4448818897637795 
0.47619047619047616 0.4448818897637795 
0.5476190476190477 0.4448818897637795 
0.5595238095238095 0.4448818897637795 
0.5833333333333334 0.4448818897637795 
0.623015873015873 0.4448818897637795 
0.6507936507936508 0.4448818897637795 
0.6944444444444444 0.4448818897637795 
0.7023809523809523 0.4448818897637795 
0.2619047619047619 0.44881889763779526 
0.30158730158730157 0.44881889763779526 
0.32142857142857145 0.44881889763779526 
0.4642857142857143 0.44881889763779526 
0.49206349206349204 0.44881889763779526 
0.5198412698412699 0.44881889763779526 
0.5436507936507936 0.44881889763779526 
0.5595238095238095 0.44881889763779526 
0.5753968253968254 0.44881889763779526 
0.5793650793650794 0.44881889763779526 
0.5873015873015873 0.44881889763779526 
0.5992063492063492 0.44881889763779526 
0.6071428571428571 0.44881889763779526 
0.6111111111111112 0.44881889763779526 
0.6468253968253969 0.44881889763779526 
0.6746031746031746 0.44881889763779526 
0.6904761904761905 0.44881889763779526 
0.7301587301587301 0.44881889763779526 
0.12698412698412698 0.452755905511811 
0.23809523809523808 0.452755905511811 
0.34523809523809523 0.452755905511811 
0.5158730158730159 0.452755905511811 
0.5317460317460317 0.452755905511811 
0.5396825396825397 0.452755905511811 
0.5476190476190477 0.452755905511811 
0.5555555555555556 0.452755905511811 
0.623015873015873 0.452755905511811 
0.6547619047619048 0.452755905511811 
0.6785714285714286 0.452755905511811 
0.7142857142857143 0.452755905511811 
0.2698412698412698 0.4566929133858268 
0.49206349206349204 0.4566929133858268 
0.5119047619047619 0.4566929133858268 
0.5198412698412699 0.4566929133858268 
0.5238095238095238 0.4566929133858268 
0.5476190476190477 0.4566929133858268 
0.5753968253968254 0.4566929133858268 
0.5833333333333334 0.4566929133858268 
0.5873015873015873 0.4566929133858268 
0.6111111111111112 0.4566929133858268 
0.6190476190476191 0.4566929133858268 
0.18253968253968253 0.46062992125984253 
0.23015873015873015 0.46062992125984253 
0.5515873015873016 0.46062992125984253 
0.5634920634920635 0.46062992125984253 
0.5714285714285714 0.46062992125984253 
0.6507936507936508 0.46062992125984253 
0.07142857142857142 0.4645669291338583 
0.19444444444444445 0.4645669291338583 
0.2698412698412698 0.4645669291338583 
0.2896825396825397 0.4645669291338583 
0.31746031746031744 0.4645669291338583 
0.34523809523809523 0.4645669291338583 
0.4126984126984127 0.4645669291338583 
0.42857142857142855 0.4645669291338583 
0.5476190476190477 0.4645669291338583 
0.5912698412698413 0.4645669291338583 
0.6071428571428571 0.4645669291338583 
0.6349206349206349 0.4645669291338583 
0.7341269841269841 0.4645669291338583 
0.15079365079365079 0.468503937007874 
0.25793650793650796 0.468503937007874 
0.28174603174603174 0.468503937007874 
0.31746031746031744 0.468503937007874 
0.5119047619047619 0.468503937007874 
0.5912698412698413 0.468503937007874 
0.19444444444444445 0.47244094488188976 
0.3055555555555556 0.47244094488188976 
0.373015873015873 0.47244094488188976 
0.40476190476190477 0.47244094488188976 
0.49603174603174605 0.47244094488188976 
0.5 0.47244094488188976 
0.5595238095238095 0.47244094488188976 
0.5753968253968254 0.47244094488188976 
0.5873015873015873 0.47244094488188976 
0.7420634920634921 0.47244094488188976 
0.8809523809523809 0.47244094488188976 
0.1865079365079365 0.4763779527559055 
0.25 0.4763779527559055 
0.5 0.4763779527559055 
0.5317460317460317 0.4763779527559055 
0.5436507936507936 0.4763779527559055 
0.6031746031746031 0.4763779527559055 
0.6547619047619048 0.4763779527559055 
0.3134920634920635 0.48031496062992124 
0.5357142857142857 0.48031496062992124 
0.5634920634920635 0.48031496062992124 
0.5793650793650794 0.48031496062992124 
0.5833333333333334 0.48031496062992124 
0.5952380952380952 0.48031496062992124 
0.6071428571428571 0.48031496062992124 
0.7579365079365079 0.48031496062992124 
0.8809523809523809 0.48031496062992124 
0.8888888888888888 0.48031496062992124 
0.9285714285714286 0.48031496062992124 
0.24603174603174602 0.484251968503937 
0.25793650793650796 0.484251968503937 
0.30952380952380953 0.484251968503937 
0.3253968253968254 0.484251968503937 
0.32936507936507936 0.484251968503937 
0.3373015873015873 0.484251968503937 
0.34523809523809523 0.484251968503937 
0.3611111111111111 0.484251968503937 
0.3888888888888889 0.484251968503937 
0.4087301587301587 0.484251968503937 
0.4642857142857143 0.484251968503937 
0.47619047619047616 0.484251968503937 
0.49603174603174605 0.484251968503937 
0.5714285714285714 0.484251968503937 
0.6150793650793651 0.484251968503937 
0.7063492063492064 0.484251968503937 
0.21031746031746032 0.4881889763779528 
0.2619047619047619 0.4881889763779528 
0.2896825396825397 0.4881889763779528 
0.30952380952380953 0.4881889763779528 
0.3253968253968254 0.4881889763779528 
0.32936507936507936 0.4881889763779528 
0.3373015873015873 0.4881889763779528 
0.3611111111111111 0.4881889763779528 
0.38095238095238093 0.4881889763779528 
0.3968253968253968 0.4881889763779528 
0.42063492063492064 0.4881889763779528 
0.5476190476190477 0.4881889763779528 
0.5515873015873016 0.4881889763779528 
0.6031746031746031 0.4881889763779528 
0.6468253968253969 0.4881889763779528 
0.6587301587301587 0.4881889763779528 
0.25396825396825395 0.4921259842519685 
0.2896825396825397 0.4921259842519685 
0.3968253968253968 0.4921259842519685 
0.503968253968254 0.4921259842519685 
0.5079365079365079 0.4921259842519685 
0.5555555555555556 0.4921259842519685 
0.5753968253968254 0.4921259842519685 
0.5992063492063492 0.4921259842519685 
0.6984126984126984 0.4921259842519685 
0.26587301587301587 0.49606299212598426 
0.29365079365079366 0.49606299212598426 
0.373015873015873 0.49606299212598426 
0.38492063492063494 0.49606299212598426 
0.5 0.49606299212598426 
0.6190476190476191 0.49606299212598426 
0.6428571428571429 0.49606299212598426 
0.6468253968253969 0.49606299212598426 
0.6706349206349206 0.49606299212598426 
0.15079365079365079 0.5 
0.21825396825396826 0.5 
0.24603174603174602 0.5 
0.25 0.5 
0.26587301587301587 0.5 
0.2857142857142857 0.5 
0.3134920634920635 0.5 
0.4087301587301587 0.5 
0.5515873015873016 0.5 
0.5912698412698413 0.5 
0.07142857142857142 0.5039370078740157 
0.1865079365079365 0.5039370078740157 
0.23809523809523808 0.5039370078740157 
0.2857142857142857 0.5039370078740157 
0.30158730158730157 0.5039370078740157 
0.34523809523809523 0.5039370078740157 
0.376984126984127 0.5039370078740157 
0.7222222222222222 0.5039370078740157 
0.9880952380952381 0.5039370078740157 
0.996031746031746 0.5039370078740157 
0.15476190476190477 0.5078740157480315 
0.2976190476190476 0.5078740157480315 
0.376984126984127 0.5078740157480315 
0.4603174603174603 0.5078740157480315 
0.5515873015873016 0.5078740157480315 
0.5555555555555556 0.5078740157480315 
0.5753968253968254 0.5078740157480315 
0.8293650793650794 0.5078740157480315 
0.11904761904761904 0.5118110236220472 
0.1984126984126984 0.5118110236220472 
0.28174603174603174 0.5118110236220472 
0.30952380952380953 0.5118110236220472 
0.3492063492063492 0.5118110236220472 
0.3611111111111111 0.5118110236220472 
0.376984126984127 0.5118110236220472 
0.38492063492063494 0.5118110236220472 
0.40476190476190477 0.5118110236220472 
0.5 0.5118110236220472 
0.5833333333333334 0.5118110236220472 
0.18253968253968253 0.515748031496063 
0.2222222222222222 0.515748031496063 
0.23015873015873015 0.515748031496063 
0.24206349206349206 0.515748031496063 
0.25 0.515748031496063 
0.25793650793650796 0.515748031496063 
0.2896825396825397 0.515748031496063 
0.29365079365079366 0.515748031496063 
0.3412698412698413 0.515748031496063 
0.36507936507936506 0.515748031496063 
0.373015873015873 0.515748031496063 
0.3968253968253968 0.515748031496063 
0.4444444444444444 0.515748031496063 
0.1349206349206349 0.5196850393700787 
0.25793650793650796 0.5196850393700787 
0.2777777777777778 0.5196850393700787 
0.2896825396825397 0.5196850393700787 
0.3134920634920635 0.5196850393700787 
0.31746031746031744 0.5196850393700787 
0.3253968253968254 0.5196850393700787 
0.34523809523809523 0.5196850393700787 
0.5158730158730159 0.5196850393700787 
0.5595238095238095 0.5196850393700787 
0.5634920634920635 0.5196850393700787 
0.5833333333333334 0.5196850393700787 
0.6190476190476191 0.5196850393700787 
0.6349206349206349 0.5196850393700787 
0.6587301587301587 0.5196850393700787 
0.16666666666666666 0.5236220472440944 
0.2698412698412698 0.5236220472440944 
0.2896825396825397 0.5236220472440944 
0.3055555555555556 0.5236220472440944 
0.3134920634920635 0.5236220472440944 
0.31746031746031744 0.5236220472440944 
0.32142857142857145 0.5236220472440944 
0.3253968253968254 0.5236220472440944 
0.3373015873015873 0.5236220472440944 
0.3412698412698413 0.5236220472440944 
0.3531746031746032 0.5236220472440944 
0.5476190476190477 0.5236220472440944 
0.6190476190476191 0.5236220472440944 
0.6626984126984127 0.5236220472440944 
0.8492063492063492 0.5236220472440944 
0.13095238095238096 0.5275590551181102 
0.25396825396825395 0.5275590551181102 
0.2619047619047619 0.5275590551181102 
0.29365079365079366 0.5275590551181102 
0.3055555555555556 0.5275590551181102 
0.3492063492063492 0.5275590551181102 
0.3531746031746032 0.5275590551181102 
0.44841269841269843 0.5275590551181102 
0.5515873015873016 0.5275590551181102 
0.6428571428571429 0.5275590551181102 
0.6547619047619048 0.5275590551181102 
0.7420634920634921 0.5275590551181102 
0.23015873015873015 0.531496062992126 
0.25 0.531496062992126 
0.2777777777777778 0.531496062992126 
0.2896825396825397 0.531496062992126 
0.30158730158730157 0.531496062992126 
0.4246031746031746 0.531496062992126 
0.49603174603174605 0.531496062992126 
0.7063492063492064 0.531496062992126 
0.7182539682539683 0.531496062992126 
0.20634920634920634 0.5354330708661418 
0.23412698412698413 0.5354330708661418 
0.26587301587301587 0.5354330708661418 
0.2698412698412698 0.5354330708661418 
0.27380952380952384 0.5354330708661418 
0.28174603174603174 0.5354330708661418 
0.29365079365079366 0.5354330708661418 
0.2976190476190476 0.5354330708661418 
0.6150793650793651 0.5354330708661418 
0.6825396825396826 0.5354330708661418 
0.21428571428571427 0.5393700787401575 
0.23412698412698413 0.5393700787401575 
0.2777777777777778 0.5393700787401575 
0.28174603174603174 0.5393700787401575 
0.29365079365079366 0.5393700787401575 
0.3253968253968254 0.5393700787401575 
0.3531746031746032 0.5393700787401575 
0.40476190476190477 0.5393700787401575 
0.4246031746031746 0.5393700787401575 
0.4365079365079365 0.5393700787401575 
0.4801587301587302 0.5393700787401575 
0.5595238095238095 0.5393700787401575 
0.5793650793650794 0.5393700787401575 
0.6706349206349206 0.5393700787401575 
0.75 0.5393700787401575 
0.19444444444444445 0.5433070866141733 
0.2261904761904762 0.5433070866141733 
0.28174603174603174 0.5433070866141733 
0.2857142857142857 0.5433070866141733 
0.3333333333333333 0.5433070866141733 
0.3373015873015873 0.5433070866141733 
0.3412698412698413 0.5433070866141733 
0.373015873015873 0.5433070866141733 
0.3888888888888889 0.5433070866141733 
0.39285714285714285 0.5433070866141733 
0.42857142857142855 0.5433070866141733 
0.44841269841269843 0.5433070866141733 
0.5515873015873016 0.5433070866141733 
0.6349206349206349 0.5433070866141733 
0.9801587301587301 0.5433070866141733 
0.14682539682539683 0.547244094488189 
0.1984126984126984 0.547244094488189 
0.25 0.547244094488189 
0.2896825396825397 0.547244094488189 
0.3055555555555556 0.547244094488189 
0.30952380952380953 0.547244094488189 
0.3134920634920635 0.547244094488189 
0.3373015873015873 0.547244094488189 
0.3531746031746032 0.547244094488189 
0.3888888888888889 0.547244094488189 
0.40476190476190477 0.547244094488189 
0.5317460317460317 0.547244094488189 
0.2222222222222222 0.5511811023622047 
0.24206349206349206 0.5511811023622047 
0.2698412698412698 0.5511811023622047 
0.2777777777777778 0.5511811023622047 
0.3055555555555556 0.5511811023622047 
0.3888888888888889 0.5511811023622047 
0.39285714285714285 0.5511811023622047 
0.47619047619047616 0.5511811023622047 
0.6825396825396826 0.5511811023622047 
0.9920634920634921 0.5511811023622047 
0.1746031746031746 0.5551181102362205 
0.23809523809523808 0.5551181102362205 
0.24206349206349206 0.5551181102362205 
0.28174603174603174 0.5551181102362205 
0.2896825396825397 0.5551181102362205 
0.29365079365079366 0.5551181102362205 
0.32142857142857145 0.5551181102362205 
0.3412698412698413 0.5551181102362205 
0.3492063492063492 0.5551181102362205 
0.38095238095238093 0.5551181102362205 
0.44047619047619047 0.5551181102362205 
0.623015873015873 0.5551181102362205 
0.6785714285714286 0.5551181102362205 
0.7222222222222222 0.5551181102362205 
0.03571428571428571 0.5590551181102362 
0.14682539682539683 0.5590551181102362 
0.15476190476190477 0.5590551181102362 
0.17063492063492064 0.5590551181102362 
0.25396825396825395 0.5590551181102362 
0.25793650793650796 0.5590551181102362 
0.2619047619047619 0.5590551181102362 
0.2698412698412698 0.5590551181102362 
0.30952380952380953 0.5590551181102362 
0.3492063492063492 0.5590551181102362 
0.3531746031746032 0.5590551181102362 
0.3611111111111111 0.5590551181102362 
0.373015873015873 0.5590551181102362 
0.40476190476190477 0.5590551181102362 
0.42857142857142855 0.5590551181102362 
0.4880952380952381 0.5590551181102362 
0.6309523809523809 0.5590551181102362 
0.6626984126984127 0.5590551181102362 
0.8611111111111112 0.5590551181102362 
0.15079365079365079 0.562992125984252 
0.17857142857142858 0.562992125984252 
0.21428571428571427 0.562992125984252 
0.3134920634920635 0.562992125984252 
0.31746031746031744 0.562992125984252 
0.32142857142857145 0.562992125984252 
0.39285714285714285 0.562992125984252 
0.4007936507936508 0.562992125984252 
0.6309523809523809 0.562992125984252 
0.7738095238095238 0.562992125984252 
0.2261904761904762 0.5669291338582677 
0.27380952380952384 0.5669291338582677 
0.2777777777777778 0.5669291338582677 
0.31746031746031744 0.5669291338582677 
0.3333333333333333 0.5669291338582677 
0.3412698412698413 0.5669291338582677 
0.34523809523809523 0.5669291338582677 
0.3531746031746032 0.5669291338582677 
0.38095238095238093 0.5669291338582677 
0.38492063492063494 0.5669291338582677 
0.49603174603174605 0.5669291338582677 
0.6706349206349206 0.5669291338582677 
0.7420634920634921 0.5669291338582677 
0.23412698412698413 0.5708661417322834 
0.24603174603174602 0.5708661417322834 
0.3134920634920635 0.5708661417322834 
0.32142857142857145 0.5708661417322834 
0.34523809523809523 0.5708661417322834 
0.35714285714285715 0.5708661417322834 
0.373015873015873 0.5708661417322834 
0.39285714285714285 0.5708661417322834 
0.7857142857142857 0.5708661417322834 
0.12301587301587301 0.5748031496062992 
0.19444444444444445 0.5748031496062992 
0.2261904761904762 0.5748031496062992 
0.3055555555555556 0.5748031496062992 
0.3134920634920635 0.5748031496062992 
0.32142857142857145 0.5748031496062992 
0.3333333333333333 0.5748031496062992 
0.34523809523809523 0.5748031496062992 
0.4007936507936508 0.5748031496062992 
0.6507936507936508 0.5748031496062992 
0.7103174603174603 0.5748031496062992 
0.8095238095238095 0.5748031496062992 
0.8492063492063492 0.5748031496062992 
0.19444444444444445 0.5787401574803149 
0.24206349206349206 0.5787401574803149 
0.24603174603174602 0.5787401574803149 
0.2698412698412698 0.5787401574803149 
0.27380952380952384 0.5787401574803149 
0.28174603174603174 0.5787401574803149 
0.2857142857142857 0.5787401574803149 
0.30952380952380953 0.5787401574803149 
0.32936507936507936 0.5787401574803149 
0.3531746031746032 0.5787401574803149 
0.3611111111111111 0.5787401574803149 
0.36904761904761907 0.5787401574803149 
0.3888888888888889 0.5787401574803149 
0.4126984126984127 0.5787401574803149 
0.19047619047619047 0.5826771653543307 
0.19444444444444445 0.5826771653543307 
0.31746031746031744 0.5826771653543307 
0.32936507936507936 0.5826771653543307 
0.3492063492063492 0.5826771653543307 
0.3531746031746032 0.5826771653543307 
0.38492063492063494 0.5826771653543307 
0.6031746031746031 0.5826771653543307 
0.6785714285714286 0.5826771653543307 
0.21031746031746032 0.5866141732283464 
0.21825396825396826 0.5866141732283464 
0.23412698412698413 0.5866141732283464 
0.2777777777777778 0.5866141732283464 
0.29365079365079366 0.5866141732283464 
0.2976190476190476 0.5866141732283464 
0.30952380952380953 0.5866141732283464 
0.3412698412698413 0.5866141732283464 
0.3492063492063492 0.5866141732283464 
0.3611111111111111 0.5866141732283464 
0.376984126984127 0.5866141732283464 
0.4365079365079365 0.5866141732283464 
0.4642857142857143 0.5866141732283464 
0.5 0.5866141732283464 
0.6984126984126984 0.5866141732283464 
0.7380952380952381 0.5866141732283464 
0.19047619047619047 0.5905511811023622 
0.23809523809523808 0.5905511811023622 
0.30158730158730157 0.5905511811023622 
0.30952380952380953 0.5905511811023622 
0.36904761904761907 0.5905511811023622 
0.376984126984127 0.5905511811023622 
0.44047619047619047 0.5905511811023622 
0.6825396825396826 0.5905511811023622 
0.7619047619047619 0.5905511811023622 
0.8015873015873016 0.5905511811023622 
0.9166666666666666 0.5905511811023622 
0.24603174603174602 0.594488188976378 
0.2857142857142857 0.594488188976378 
0.29365079365079366 0.594488188976378 
0.30952380952380953 0.594488188976378 
0.3531746031746032 0.594488188976378 
0.373015873015873 0.594488188976378 
0.4444444444444444 0.594488188976378 
0.6071428571428571 0.594488188976378 
0.6349206349206349 0.594488188976378 
0.7103174603174603 0.594488188976378 
0.8690476190476191 0.594488188976378 
0.20634920634920634 0.5984251968503937 
0.28174603174603174 0.5984251968503937 
0.2857142857142857 0.5984251968503937 
0.2976190476190476 0.5984251968503937 
0.3333333333333333 0.5984251968503937 
0.34523809523809523 0.5984251968503937 
0.3492063492063492 0.5984251968503937 
0.376984126984127 0.5984251968503937 
0.39285714285714285 0.5984251968503937 
0.3968253968253968 0.5984251968503937 
0.4365079365079365 0.5984251968503937 
0.4603174603174603 0.5984251968503937 
0.5952380952380952 0.5984251968503937 
0.6468253968253969 0.5984251968503937 
0.17063492063492064 0.6023622047244095 
0.17857142857142858 0.6023622047244095 
0.25 0.6023622047244095 
0.2698412698412698 0.6023622047244095 
0.29365079365079366 0.6023622047244095 
0.30952380952380953 0.6023622047244095 
0.3253968253968254 0.6023622047244095 
0.32936507936507936 0.6023622047244095 
0.36507936507936506 0.6023622047244095 
0.36904761904761907 0.6023622047244095 
0.4603174603174603 0.6023622047244095 
0.4801587301587302 0.6023622047244095 
0.5912698412698413 0.6023622047244095 
0.6111111111111112 0.6023622047244095 
0.6349206349206349 0.6023622047244095 
0.6904761904761905 0.6023622047244095 
0.7380952380952381 0.6023622047244095 
0.8928571428571429 0.6023622047244095 
0.9484126984126984 0.6023622047244095 
0.011904761904761904 0.6062992125984252 
0.20238095238095238 0.6062992125984252 
0.24206349206349206 0.6062992125984252 
0.25396825396825395 0.6062992125984252 
0.28174603174603174 0.6062992125984252 
0.2857142857142857 0.6062992125984252 
0.2896825396825397 0.6062992125984252 
0.29365079365079366 0.6062992125984252 
0.30952380952380953 0.6062992125984252 
0.3373015873015873 0.6062992125984252 
0.34523809523809523 0.6062992125984252 
0.3531746031746032 0.6062992125984252 
0.36904761904761907 0.6062992125984252 
0.3968253968253968 0.6062992125984252 
0.43253968253968256 0.6062992125984252 
0.5515873015873016 0.6062992125984252 
0.6031746031746031 0.6062992125984252 
0.6150793650793651 0.6062992125984252 
0.626984126984127 0.6062992125984252 
0.7420634920634921 0.6062992125984252 
0.8492063492063492 0.6062992125984252 
0.25396825396825395 0.610236220472441 
0.25793650793650796 0.610236220472441 
0.3055555555555556 0.610236220472441 
0.3373015873015873 0.610236220472441 
0.3412698412698413 0.610236220472441 
0.34523809523809523 0.610236220472441 
0.3531746031746032 0.610236220472441 
0.38095238095238093 0.610236220472441 
0.4444444444444444 0.610236220472441 
0.4880952380952381 0.610236220472441 
0.8333333333333334 0.610236220472441 
0.16666666666666666 0.6141732283464567 
0.17857142857142858 0.6141732283464567 
0.20634920634920634 0.6141732283464567 
0.23412698412698413 0.6141732283464567 
0.24603174603174602 0.6141732283464567 
0.27380952380952384 0.6141732283464567 
0.28174603174603174 0.6141732283464567 
0.2976190476190476 0.6141732283464567 
0.3333333333333333 0.6141732283464567 
0.38492063492063494 0.6141732283464567 
0.4007936507936508 0.6141732283464567 
0.42857142857142855 0.6141732283464567 
0.49603174603174605 0.6141732283464567 
0.6031746031746031 0.6141732283464567 
0.6071428571428571 0.6141732283464567 
0.6388888888888888 0.6141732283464567 
0.6428571428571429 0.6141732283464567 
0.6547619047619048 0.6141732283464567 
0.6746031746031746 0.6141732283464567 
0.7063492063492064 0.6141732283464567 
0.7182539682539683 0.6141732283464567 
0.19444444444444445 0.6181102362204725 
0.21031746031746032 0.6181102362204725 
0.29365079365079366 0.6181102362204725 
0.3492063492063492 0.6181102362204725 
0.4007936507936508 0.6181102362204725 
0.42857142857142855 0.6181102362204725 
0.47619047619047616 0.6181102362204725 
0.503968253968254 0.6181102362204725 
0.6071428571428571 0.6181102362204725 
0.6746031746031746 0.6181102362204725 
0.7698412698412699 0.6181102362204725 
0.8849206349206349 0.6181102362204725 
0.05555555555555555 0.6220472440944882 
0.20238095238095238 0.6220472440944882 
0.2222222222222222 0.6220472440944882 
0.23412698412698413 0.6220472440944882 
0.24603174603174602 0.6220472440944882 
0.26587301587301587 0.6220472440944882 
0.29365079365079366 0.6220472440944882 
0.2976190476190476 0.6220472440944882 
0.30158730158730157 0.6220472440944882 
0.32936507936507936 0.6220472440944882 
0.3412698412698413 0.6220472440944882 
0.3531746031746032 0.6220472440944882 
0.373015873015873 0.6220472440944882 
0.38492063492063494 0.6220472440944882 
0.42063492063492064 0.6220472440944882 
0.5833333333333334 0.6220472440944882 
0.5952380952380952 0.6220472440944882 
0.5992063492063492 0.6220472440944882 
0.6190476190476191 0.6220472440944882 
0.6309523809523809 0.6220472440944882 
0.6626984126984127 0.6220472440944882 
0.7341269841269841 0.6220472440944882 
0.7579365079365079 0.6220472440944882 
0.8293650793650794 0.6220472440944882 
0.16666666666666666 0.6259842519685039 
0.21428571428571427 0.6259842519685039 
0.24603174603174602 0.6259842519685039 
0.25 0.6259842519685039 
0.2619047619047619 0.6259842519685039 
0.2857142857142857 0.6259842519685039 
0.30158730158730157 0.6259842519685039 
0.3134920634920635 0.6259842519685039 
0.38095238095238093 0.6259842519685039 
0.3888888888888889 0.6259842519685039 
0.7341269841269841 0.6259842519685039 
0.873015873015873 0.6259842519685039 
1.0 0.6259842519685039 
0.0992063492063492 0.6299212598425197 
0.18253968253968253 0.6299212598425197 
0.21031746031746032 0.6299212598425197 
0.24206349206349206 0.6299212598425197 
0.24603174603174602 0.6299212598425197 
0.2619047619047619 0.6299212598425197 
0.32936507936507936 0.6299212598425197 
0.3333333333333333 0.6299212598425197 
0.35714285714285715 0.6299212598425197 
0.3611111111111111 0.6299212598425197 
0.36507936507936506 0.6299212598425197 
0.4087301587301587 0.6299212598425197 
0.5873015873015873 0.6299212598425197 
0.5992063492063492 0.6299212598425197 
0.6031746031746031 0.6299212598425197 
0.6150793650793651 0.6299212598425197 
0.6190476190476191 0.6299212598425197 
0.6626984126984127 0.6299212598425197 
0.6746031746031746 0.6299212598425197 
0.6984126984126984 0.6299212598425197 
0.7341269841269841 0.6299212598425197 
0.746031746031746 0.6299212598425197 
0.753968253968254 0.6299212598425197 
0.7619047619047619 0.6299212598425197 
0.8174603174603174 0.6299212598425197 
0.9206349206349206 0.6299212598425197 
0.11507936507936507 0.6338582677165354 
0.18253968253968253 0.6338582677165354 
0.2896825396825397 0.6338582677165354 
0.2976190476190476 0.6338582677165354 
0.30952380952380953 0.6338582677165354 
0.3373015873015873 0.6338582677165354 
0.3531746031746032 0.6338582677165354 
0.38095238095238093 0.6338582677165354 
0.44047619047619047 0.6338582677165354 
0.45634920634920634 0.6338582677165354 
0.623015873015873 0.6338582677165354 
0.626984126984127 0.6338582677165354 
0.6507936507936508 0.6338582677165354 
0.6984126984126984 0.6338582677165354 
0.8134920634920635 0.6338582677165354 
0.8293650793650794 0.6338582677165354 
0.8928571428571429 0.6338582677165354 
0.9444444444444444 0.6338582677165354 
0.23809523809523808 0.6377952755905512 
0.25396825396825395 0.6377952755905512 
0.2619047619047619 0.6377952755905512 
0.2857142857142857 0.6377952755905512 
0.3412698412698413 0.6377952755905512 
0.3492063492063492 0.6377952755905512 
0.376984126984127 0.6377952755905512 
0.44047619047619047 0.6377952755905512 
0.4444444444444444 0.6377952755905512 
0.5912698412698413 0.6377952755905512 
0.6071428571428571 0.6377952755905512 
0.626984126984127 0.6377952755905512 
0.6706349206349206 0.6377952755905512 
0.6865079365079365 0.6377952755905512 
0.7341269841269841 0.6377952755905512 
0.8531746031746031 0.6377952755905512 
0.8571428571428571 0.6377952755905512 
0.8611111111111112 0.6377952755905512 
0.8888888888888888 0.6377952755905512 
0.9087301587301587 0.6377952755905512 
0.10317460317460317 0.6417322834645669 
0.1984126984126984 0.6417322834645669 
0.2698412698412698 0.6417322834645669 
0.28174603174603174 0.6417322834645669 
0.3055555555555556 0.6417322834645669 
0.34523809523809523 0.6417322834645669 
0.373015873015873 0.6417322834645669 
0.4166666666666667 0.6417322834645669 
0.4246031746031746 0.6417322834645669 
0.4603174603174603 0.6417322834645669 
0.5833333333333334 0.6417322834645669 
0.5873015873015873 0.6417322834645669 
0.6190476190476191 0.6417322834645669 
0.6388888888888888 0.6417322834645669 
0.6428571428571429 0.6417322834645669 
0.6706349206349206 0.6417322834645669 
0.7023809523809523 0.6417322834645669 
0.7142857142857143 0.6417322834645669 
0.7658730158730159 0.6417322834645669 
0.7738095238095238 0.6417322834645669 
0.7936507936507936 0.6417322834645669 
0.8968253968253969 0.6417322834645669 
0.1865079365079365 0.6456692913385826 
0.21428571428571427 0.6456692913385826 
0.24206349206349206 0.6456692913385826 
0.25793650793650796 0.6456692913385826 
0.28174603174603174 0.6456692913385826 
0.2976190476190476 0.6456692913385826 
0.30158730158730157 0.6456692913385826 
0.30952380952380953 0.6456692913385826 
0.32142857142857145 0.6456692913385826 
0.32936507936507936 0.6456692913385826 
0.36904761904761907 0.6456692913385826 
0.3968253968253968 0.6456692913385826 
0.4126984126984127 0.6456692913385826 
0.4523809523809524 0.6456692913385826 
0.5873015873015873 0.6456692913385826 
0.5992063492063492 0.6456692913385826 
0.626984126984127 0.6456692913385826 
0.6309523809523809 0.6456692913385826 
0.6428571428571429 0.6456692913385826 
0.6785714285714286 0.6456692913385826 
0.7380952380952381 0.6456692913385826 
0.7658730158730159 0.6456692913385826 
0.7777777777777778 0.6456692913385826 
0.7976190476190477 0.6456692913385826 
0.23809523809523808 0.6496062992125984 
0.25396825396825395 0.6496062992125984 
0.2619047619047619 0.6496062992125984 
0.2698412698412698 0.6496062992125984 
0.2777777777777778 0.6496062992125984 
0.29365079365079366 0.6496062992125984 
0.34523809523809523 0.6496062992125984 
0.376984126984127 0.6496062992125984 
0.4007936507936508 0.6496062992125984 
0.4365079365079365 0.6496062992125984 
0.44047619047619047 0.6496062992125984 
0.5476190476190477 0.6496062992125984 
0.5634920634920635 0.6496062992125984 
0.6111111111111112 0.6496062992125984 
0.623015873015873 0.6496062992125984 
0.6349206349206349 0.6496062992125984 
0.6468253968253969 0.6496062992125984 
0.6507936507936508 0.6496062992125984 
0.6626984126984127 0.6496062992125984 
0.6666666666666666 0.6496062992125984 
0.6785714285714286 0.6496062992125984 
0.6904761904761905 0.6496062992125984 
0.8214285714285714 0.6496062992125984 
0.21428571428571427 0.6535433070866141 
0.23412698412698413 0.6535433070866141 
0.24206349206349206 0.6535433070866141 
0.24603174603174602 0.6535433070866141 
0.2698412698412698 0.6535433070866141 
0.29365079365079366 0.6535433070866141 
0.2976190476190476 0.6535433070866141 
0.3055555555555556 0.6535433070866141 
0.30952380952380953 0.6535433070866141 
0.3333333333333333 0.6535433070866141 
0.3412698412698413 0.6535433070866141 
0.5833333333333334 0.6535433070866141 
0.6150793650793651 0.6535433070866141 
0.6349206349206349 0.6535433070866141 
0.6468253968253969 0.6535433070866141 
0.6666666666666666 0.6535433070866141 
0.6706349206349206 0.6535433070866141 
0.6746031746031746 0.6535433070866141 
0.746031746031746 0.6535433070866141 
0.9246031746031746 0.6535433070866141 
0.2857142857142857 0.65748031496063 
0.29365079365079366 0.65748031496063 
0.30158730158730157 0.65748031496063 
0.373015873015873 0.65748031496063 
0.5714285714285714 0.65748031496063 
0.5992063492063492 0.65748031496063 
0.626984126984127 0.65748031496063 
0.6309523809523809 0.65748031496063 
0.6428571428571429 0.65748031496063 
0.6468253968253969 0.65748031496063 
0.6547619047619048 0.65748031496063 
0.7063492063492064 0.65748031496063 
0.8928571428571429 0.65748031496063 
0.19047619047619047 0.6614173228346457 
0.2698412698412698 0.6614173228346457 
0.2976190476190476 0.6614173228346457 
0.3134920634920635 0.6614173228346457 
0.32936507936507936 0.6614173228346457 
0.35714285714285715 0.6614173228346457 
0.45634920634920634 0.6614173228346457 
0.5714285714285714 0.6614173228346457 
0.5992063492063492 0.6614173228346457 
0.6111111111111112 0.6614173228346457 
0.6190476190476191 0.6614173228346457 
0.6388888888888888 0.6614173228346457 
0.6547619047619048 0.6614173228346457 
0.6706349206349206 0.6614173228346457 
0.746031746031746 0.6614173228346457 
0.7658730158730159 0.6614173228346457 
0.7936507936507936 0.6614173228346457 
0.8214285714285714 0.6614173228346457 
0.8888888888888888 0.6614173228346457 
0.9047619047619048 0.6614173228346457 
0.06349206349206349 0.6653543307086615 
0.23412698412698413 0.6653543307086615 
0.2619047619047619 0.6653543307086615 
0.27380952380952384 0.6653543307086615 
0.3134920634920635 0.6653543307086615 
0.31746031746031744 0.6653543307086615 
0.44047619047619047 0.6653543307086615 
0.623015873015873 0.6653543307086615 
0.626984126984127 0.6653543307086615 
0.6309523809523809 0.6653543307086615 
0.6507936507936508 0.6653543307086615 
0.6626984126984127 0.6653543307086615 
0.7341269841269841 0.6653543307086615 
0.7579365079365079 0.6653543307086615 
0.7936507936507936 0.6653543307086615 
0.2222222222222222 0.6692913385826772 
0.28174603174603174 0.6692913385826772 
0.29365079365079366 0.6692913385826772 
0.2976190476190476 0.6692913385826772 
0.30952380952380953 0.6692913385826772 
0.4642857142857143 0.6692913385826772 
0.5992063492063492 0.6692913385826772 
0.6150793650793651 0.6692913385826772 
0.6190476190476191 0.6692913385826772 
0.6428571428571429 0.6692913385826772 
0.6468253968253969 0.6692913385826772 
0.6507936507936508 0.6692913385826772 
0.6706349206349206 0.6692913385826772 
0.6746031746031746 0.6692913385826772 
0.7817460317460317 0.6692913385826772 
0.8492063492063492 0.6692913385826772 
0.8809523809523809 0.6692913385826772 
0.2222222222222222 0.6732283464566929 
0.25396825396825395 0.6732283464566929 
0.26587301587301587 0.6732283464566929 
0.3253968253968254 0.6732283464566929 
0.376984126984127 0.6732283464566929 
0.5595238095238095 0.6732283464566929 
0.5634920634920635 0.6732283464566929 
0.6111111111111112 0.6732283464566929 
0.6150793650793651 0.6732283464566929 
0.6309523809523809 0.6732283464566929 
0.6388888888888888 0.6732283464566929 
0.6587301587301587 0.6732283464566929 
0.6626984126984127 0.6732283464566929 
0.7063492063492064 0.6732283464566929 
0.7261904761904762 0.6732283464566929 
0.996031746031746 0.6732283464566929 
0.17063492063492064 0.6771653543307087 
0.25793650793650796 0.6771653543307087 
0.2857142857142857 0.6771653543307087 
0.30158730158730157 0.6771653543307087 
0.3055555555555556 0.6771653543307087 
0.31746031746031744 0.6771653543307087 
0.32142857142857145 0.6771653543307087 
0.32936507936507936 0.6771653543307087 
0.4801587301587302 0.6771653543307087 
0.5793650793650794 0.6771653543307087 
0.5992063492063492 0.6771653543307087 
0.6111111111111112 0.6771653543307087 
0.623015873015873 0.6771653543307087 
0.6468253968253969 0.6771653543307087 
0.6746031746031746 0.6771653543307087 
0.6904761904761905 0.6771653543307087 
0.7896825396825397 0.6771653543307087 
0.8253968253968254 0.6771653543307087 
0.8373015873015873 0.6771653543307087 
0.11904761904761904 0.6811023622047244 
0.13095238095238096 0.6811023622047244 
0.1984126984126984 0.6811023622047244 
0.21825396825396826 0.6811023622047244 
0.25793650793650796 0.6811023622047244 
0.29365079365079366 0.6811023622047244 
0.32142857142857145 0.6811023622047244 
0.3373015873015873 0.6811023622047244 
0.42857142857142855 0.6811023622047244 
0.5793650793650794 0.6811023622047244 
0.6071428571428571 0.6811023622047244 
0.623015873015873 0.6811023622047244 
0.6388888888888888 0.6811023622047244 
0.6468253968253969 0.6811023622047244 
0.6507936507936508 0.6811023622047244 
0.6626984126984127 0.6811023622047244 
0.6666666666666666 0.6811023622047244 
0.6746031746031746 0.6811023622047244 
0.6904761904761905 0.6811023622047244 
0.7142857142857143 0.6811023622047244 
0.7222222222222222 0.6811023622047244 
0.7341269841269841 0.6811023622047244 
0.7857142857142857 0.6811023622047244 
0.8015873015873016 0.6811023622047244 
0.8055555555555556 0.6811023622047244 
0.8134920634920635 0.6811023622047244 
0.8214285714285714 0.6811023622047244 
0.8373015873015873 0.6811023622047244 
0.8650793650793651 0.6811023622047244 
0.9404761904761905 0.6811023622047244 
0.2698412698412698 0.6850393700787402 
0.27380952380952384 0.6850393700787402 
0.2857142857142857 0.6850393700787402 
0.3253968253968254 0.6850393700787402 
0.36904761904761907 0.6850393700787402 
0.38095238095238093 0.6850393700787402 
0.5595238095238095 0.6850393700787402 
0.5952380952380952 0.6850393700787402 
0.6865079365079365 0.6850393700787402 
0.7380952380952381 0.6850393700787402 
0.7658730158730159 0.6850393700787402 
0.7857142857142857 0.6850393700787402 
0.8015873015873016 0.6850393700787402 
0.8055555555555556 0.6850393700787402 
0.8134920634920635 0.6850393700787402 
0.8373015873015873 0.6850393700787402 
0.8571428571428571 0.6850393700787402 
0.873015873015873 0.6850393700787402 
0.9880952380952381 0.6850393700787402 
0.23015873015873015 0.6889763779527559 
0.24206349206349206 0.6889763779527559 
0.2976190476190476 0.6889763779527559 
0.32142857142857145 0.6889763779527559 
0.42063492063492064 0.6889763779527559 
0.5674603174603174 0.6889763779527559 
0.6309523809523809 0.6889763779527559 
0.6507936507936508 0.6889763779527559 
0.6666666666666666 0.6889763779527559 
0.7301587301587301 0.6889763779527559 
0.7658730158730159 0.6889763779527559 
0.873015873015873 0.6889763779527559 
0.007936507936507936 0.6929133858267716 
0.3412698412698413 0.6929133858267716 
0.36507936507936506 0.6929133858267716 
0.36904761904761907 0.6929133858267716 
0.39285714285714285 0.6929133858267716 
0.5833333333333334 0.6929133858267716 
0.6111111111111112 0.6929133858267716 
0.6150793650793651 0.6929133858267716 
0.623015873015873 0.6929133858267716 
0.6309523809523809 0.6929133858267716 
0.6468253968253969 0.6929133858267716 
0.6587301587301587 0.6929133858267716 
0.6626984126984127 0.6929133858267716 
0.6825396825396826 0.6929133858267716 
0.7261904761904762 0.6929133858267716 
0.7420634920634921 0.6929133858267716 
0.7698412698412699 0.6929133858267716 
0.8492063492063492 0.6929133858267716 
0.8611111111111112 0.6929133858267716 
0.9761904761904762 0.6929133858267716 
0.015873015873015872 0.6968503937007874 
0.27380952380952384 0.6968503937007874 
0.3134920634920635 0.6968503937007874 
0.5912698412698413 0.6968503937007874 
0.5992063492063492 0.6968503937007874 
0.6071428571428571 0.6968503937007874 
0.626984126984127 0.6968503937007874 
0.6309523809523809 0.6968503937007874 
0.6468253968253969 0.6968503937007874 
0.6746031746031746 0.6968503937007874 
0.6944444444444444 0.6968503937007874 
0.7222222222222222 0.6968503937007874 
0.7261904761904762 0.6968503937007874 
0.7420634920634921 0.6968503937007874 
0.7619047619047619 0.6968503937007874 
0.7896825396825397 0.6968503937007874 
0.23412698412698413 0.7007874015748031 
0.30952380952380953 0.7007874015748031 
0.3333333333333333 0.7007874015748031 
0.3531746031746032 0.7007874015748031 
0.4444444444444444 0.7007874015748031 
0.6190476190476191 0.7007874015748031 
0.623015873015873 0.7007874015748031 
0.6309523809523809 0.7007874015748031 
0.6388888888888888 0.7007874015748031 
0.6626984126984127 0.7007874015748031 
0.7142857142857143 0.7007874015748031 
0.7619047619047619 0.7007874015748031 
0.7777777777777778 0.7007874015748031 
0.8214285714285714 0.7007874015748031 
0.8531746031746031 0.7007874015748031 
0.18253968253968253 0.7047244094488189 
0.21031746031746032 0.7047244094488189 
0.27380952380952384 0.7047244094488189 
0.2777777777777778 0.7047244094488189 
0.2976190476190476 0.7047244094488189 
0.5873015873015873 0.7047244094488189 
0.5912698412698413 0.7047244094488189 
0.6150793650793651 0.7047244094488189 
0.6309523809523809 0.7047244094488189 
0.7738095238095238 0.7047244094488189 
0.8531746031746031 0.7047244094488189 
0.2222222222222222 0.7086614173228346 
0.3055555555555556 0.7086614173228346 
0.39285714285714285 0.7086614173228346 
0.6190476190476191 0.7086614173228346 
0.626984126984127 0.7086614173228346 
0.6388888888888888 0.7086614173228346 
0.6626984126984127 0.7086614173228346 
0.6746031746031746 0.7086614173228346 
0.7142857142857143 0.7086614173228346 
0.7579365079365079 0.7086614173228346 
0.7857142857142857 0.7086614173228346 
0.7896825396825397 0.7086614173228346 
0.8253968253968254 0.7086614173228346 
0.8373015873015873 0.7086614173228346 
0.8531746031746031 0.7086614173228346 
0.8611111111111112 0.7086614173228346 
0.8809523809523809 0.7086614173228346 
0.3412698412698413 0.7125984251968503 
0.6111111111111112 0.7125984251968503 
0.623015873015873 0.7125984251968503 
0.6428571428571429 0.7125984251968503 
0.6587301587301587 0.7125984251968503 
0.6666666666666666 0.7125984251968503 
0.6984126984126984 0.7125984251968503 
0.7182539682539683 0.7125984251968503 
0.7261904761904762 0.7125984251968503 
0.7341269841269841 0.7125984251968503 
0.7658730158730159 0.7125984251968503 
0.7698412698412699 0.7125984251968503 
0.8095238095238095 0.7125984251968503 
0.8174603174603174 0.7125984251968503 
0.8412698412698413 0.7125984251968503 
0.8492063492063492 0.7125984251968503 
0.873015873015873 0.7125984251968503 
0.9206349206349206 0.7125984251968503 
0.28174603174603174 0.7165354330708661 
0.2857142857142857 0.7165354330708661 
0.3055555555555556 0.7165354330708661 
0.3412698412698413 0.7165354330708661 
0.35714285714285715 0.7165354330708661 
0.38095238095238093 0.7165354330708661 
0.5912698412698413 0.7165354330708661 
0.6111111111111112 0.7165354330708661 
0.623015873015873 0.7165354330708661 
0.7341269841269841 0.7165354330708661 
0.753968253968254 0.7165354330708661 
0.7658730158730159 0.7165354330708661 
0.7896825396825397 0.7165354330708661 
0.7936507936507936 0.7165354330708661 
0.8015873015873016 0.7165354330708661 
0.8214285714285714 0.7165354330708661 
0.2698412698412698 0.7204724409448819 
0.3412698412698413 0.7204724409448819 
0.38492063492063494 0.7204724409448819 
0.6111111111111112 0.7204724409448819 
0.6984126984126984 0.7204724409448819 
0.746031746031746 0.7204724409448819 
0.7658730158730159 0.7204724409448819 
0.7817460317460317 0.7204724409448819 
0.7896825396825397 0.7204724409448819 
0.7936507936507936 0.7204724409448819 
0.7976190476190477 0.7204724409448819 
0.8015873015873016 0.7204724409448819 
0.8134920634920635 0.7204724409448819 
0.8174603174603174 0.7204724409448819 
0.8293650793650794 0.7204724409448819 
0.27380952380952384 0.7244094488188977 
0.376984126984127 0.7244094488188977 
0.4642857142857143 0.7244094488188977 
0.6071428571428571 0.7244094488188977 
0.6111111111111112 0.7244094488188977 
0.626984126984127 0.7244094488188977 
0.7301587301587301 0.7244094488188977 
0.7380952380952381 0.7244094488188977 
0.7698412698412699 0.7244094488188977 
0.7817460317460317 0.7244094488188977 
0.8253968253968254 0.7244094488188977 
0.8293650793650794 0.7244094488188977 
0.9246031746031746 0.7244094488188977 
0.2261904761904762 0.7283464566929134 
0.42857142857142855 0.7283464566929134 
0.44047619047619047 0.7283464566929134 
0.6468253968253969 0.7283464566929134 
0.6547619047619048 0.7283464566929134 
0.7063492063492064 0.7283464566929134 
0.7261904761904762 0.7283464566929134 
0.7341269841269841 0.7283464566929134 
0.753968253968254 0.7283464566929134 
0.7658730158730159 0.7283464566929134 
0.7777777777777778 0.7283464566929134 
0.9007936507936508 0.7283464566929134 
0.3373015873015873 0.7322834645669292 
0.40476190476190477 0.7322834645669292 
0.42857142857142855 0.7322834645669292 
0.6626984126984127 0.7322834645669292 
0.6825396825396826 0.7322834645669292 
0.7103174603174603 0.7322834645669292 
0.7420634920634921 0.7322834645669292 
0.746031746031746 0.7322834645669292 
0.75 0.7322834645669292 
0.7579365079365079 0.7322834645669292 
0.7698412698412699 0.7322834645669292 
0.7738095238095238 0.7322834645669292 
0.2777777777777778 0.7362204724409449 
0.28174603174603174 0.7362204724409449 
0.30158730158730157 0.7362204724409449 
0.39285714285714285 0.7362204724409449 
0.4603174603174603 0.7362204724409449 
0.6904761904761905 0.7362204724409449 
0.7103174603174603 0.7362204724409449 
0.753968253968254 0.7362204724409449 
0.7579365079365079 0.7362204724409449 
0.7698412698412699 0.7362204724409449 
0.8015873015873016 0.7362204724409449 
0.8293650793650794 0.7362204724409449 
0.8809523809523809 0.7362204724409449 
0.9126984126984127 0.7362204724409449 
0.9563492063492064 0.7362204724409449 
0.27380952380952384 0.7401574803149606 
0.6706349206349206 0.7401574803149606 
0.7023809523809523 0.7401574803149606 
0.7579365079365079 0.7401574803149606 
0.7619047619047619 0.7401574803149606 
0.8095238095238095 0.7401574803149606 
0.8134920634920635 0.7401574803149606 
0.8174603174603174 0.7401574803149606 
0.8492063492063492 0.7401574803149606 
0.8650793650793651 0.7401574803149606 
0.8690476190476191 0.7401574803149606 
0.9047619047619048 0.7401574803149606 
0.9246031746031746 0.7401574803149606 
0.09523809523809523 0.7440944881889764 
0.623015873015873 0.7440944881889764 
0.6746031746031746 0.7440944881889764 
0.7261904761904762 0.7440944881889764 
0.7658730158730159 0.7440944881889764 
0.7817460317460317 0.7440944881889764 
0.7857142857142857 0.7440944881889764 
0.7896825396825397 0.7440944881889764 
0.8134920634920635 0.7440944881889764 
0.8293650793650794 0.7440944881889764 
0.8650793650793651 0.7440944881889764 
0.8809523809523809 0.7440944881889764 
0.8928571428571429 0.7440944881889764 
0.376984126984127 0.7480314960629921 
0.40476190476190477 0.7480314960629921 
0.6984126984126984 0.7480314960629921 
0.7182539682539683 0.7480314960629921 
0.746031746031746 0.7480314960629921 
0.753968253968254 0.7480314960629921 
0.7817460317460317 0.7480314960629921 
0.8650793650793651 0.7480314960629921 
0.8690476190476191 0.7480314960629921 
0.9523809523809523 0.7480314960629921 
0.4007936507936508 0.7519685039370079 
0.6507936507936508 0.7519685039370079 
0.7142857142857143 0.7519685039370079 
0.7182539682539683 0.7519685039370079 
0.7579365079365079 0.7519685039370079 
0.7658730158730159 0.7519685039370079 
0.7698412698412699 0.7519685039370079 
0.7976190476190477 0.7519685039370079 
0.8174603174603174 0.7519685039370079 
0.8571428571428571 0.7519685039370079 
0.9166666666666666 0.7519685039370079 
0.007936507936507936 0.7559055118110236 
0.623015873015873 0.7559055118110236 
0.6309523809523809 0.7559055118110236 
0.6626984126984127 0.7559055118110236 
0.7301587301587301 0.7559055118110236 
0.7341269841269841 0.7559055118110236 
0.7380952380952381 0.7559055118110236 
0.746031746031746 0.7559055118110236 
0.7857142857142857 0.7559055118110236 
0.8253968253968254 0.7559055118110236 
0.8293650793650794 0.7559055118110236 
0.8373015873015873 0.7559055118110236 
0.8492063492063492 0.7559055118110236 
0.8809523809523809 0.7559055118110236 
0.9047619047619048 0.7559055118110236 
0.9642857142857143 0.7559055118110236 
0.3531746031746032 0.7598425196850394 
0.626984126984127 0.7598425196850394 
0.6904761904761905 0.7598425196850394 
0.7896825396825397 0.7598425196850394 
0.7936507936507936 0.7598425196850394 
0.7976190476190477 0.7598425196850394 
0.8690476190476191 0.7598425196850394 
0.876984126984127 0.7598425196850394 
0.9365079365079365 0.7598425196850394 
0.05952380952380952 0.7637795275590551 
0.12698412698412698 0.7637795275590551 
0.75 0.7637795275590551 
0.753968253968254 0.7637795275590551 
0.7936507936507936 0.7637795275590551 
0.8095238095238095 0.7637795275590551 
0.8174603174603174 0.7637795275590551 
0.8214285714285714 0.7637795275590551 
0.8293650793650794 0.7637795275590551 
0.8571428571428571 0.7637795275590551 
0.8611111111111112 0.7637795275590551 
0.5515873015873016 0.7677165354330708 
0.7103174603174603 0.7677165354330708 
0.7222222222222222 0.7677165354330708 
0.7896825396825397 0.7677165354330708 
0.7976190476190477 0.7677165354330708 
0.8214285714285714 0.7677165354330708 
0.8333333333333334 0.7677165354330708 
0.8492063492063492 0.7677165354330708 
0.8690476190476191 0.7677165354330708 
0.9444444444444444 0.7677165354330708 
0.373015873015873 0.7716535433070866 
0.6706349206349206 0.7716535433070866 
0.7023809523809523 0.7716535433070866 
0.7063492063492064 0.7716535433070866 
0.7817460317460317 0.7716535433070866 
0.7896825396825397 0.7716535433070866 
0.7976190476190477 0.7716535433070866 
0.8095238095238095 0.7716535433070866 
0.8214285714285714 0.7716535433070866 
0.8928571428571429 0.7716535433070866 
0.2896825396825397 0.7755905511811023 
0.5079365079365079 0.7755905511811023 
0.6706349206349206 0.7755905511811023 
0.7182539682539683 0.7755905511811023 
0.7222222222222222 0.7755905511811023 
0.746031746031746 0.7755905511811023 
0.75 0.7755905511811023 
0.7579365079365079 0.7755905511811023 
0.7619047619047619 0.7755905511811023 
0.7857142857142857 0.7755905511811023 
0.8055555555555556 0.7755905511811023 
0.8373015873015873 0.7755905511811023 
0.8452380952380952 0.7755905511811023 
0.8650793650793651 0.7755905511811023 
0.8888888888888888 0.7755905511811023 
0.6666666666666666 0.7795275590551181 
0.6706349206349206 0.7795275590551181 
0.7936507936507936 0.7795275590551181 
0.8055555555555556 0.7795275590551181 
0.8253968253968254 0.7795275590551181 
0.8293650793650794 0.7795275590551181 
0.8611111111111112 0.7795275590551181 
0.1349206349206349 0.7834645669291339 
0.5595238095238095 0.7834645669291339 
0.6865079365079365 0.7834645669291339 
0.6944444444444444 0.7834645669291339 
0.7103174603174603 0.7834645669291339 
0.753968253968254 0.7834645669291339 
0.7698412698412699 0.7834645669291339 
0.7738095238095238 0.7834645669291339 
0.7857142857142857 0.7834645669291339 
0.8174603174603174 0.7834645669291339 
0.8253968253968254 0.7834645669291339 
0.8373015873015873 0.7834645669291339 
0.8531746031746031 0.7834645669291339 
0.9126984126984127 0.7834645669291339 
0.9404761904761905 0.7834645669291339 
0.9761904761904762 0.7834645669291339 
0.6468253968253969 0.7874015748031497 
0.6666666666666666 0.7874015748031497 
0.7142857142857143 0.7874015748031497 
0.7777777777777778 0.7874015748031497 
0.7857142857142857 0.7874015748031497 
0.8452380952380952 0.7874015748031497 
0.8531746031746031 0.7874015748031497 
0.9166666666666666 0.7874015748031497 
0.047619047619047616 0.7913385826771654 
0.7222222222222222 0.7913385826771654 
0.7619047619047619 0.7913385826771654 
0.7698412698412699 0.7913385826771654 
0.7857142857142857 0.7913385826771654 
0.8293650793650794 0.7913385826771654 
0.8492063492063492 0.7913385826771654 
0.9206349206349206 0.7913385826771654 
0.6825396825396826 0.7952755905511811 
0.7579365079365079 0.7952755905511811 
0.7619047619047619 0.7952755905511811 
0.7738095238095238 0.7952755905511811 
0.8095238095238095 0.7952755905511811 
0.8214285714285714 0.7952755905511811 
0.8253968253968254 0.7952755905511811 
0.8531746031746031 0.7952755905511811 
0.8690476190476191 0.7952755905511811 
0.873015873015873 0.7952755905511811 
0.9126984126984127 0.7952755905511811 
0.9365079365079365 0.7952755905511811 
0.4603174603174603 0.7992125984251969 
0.6468253968253969 0.7992125984251969 
0.6547619047619048 0.7992125984251969 
0.6746031746031746 0.7992125984251969 
0.7261904761904762 0.7992125984251969 
0.746031746031746 0.7992125984251969 
0.7698412698412699 0.7992125984251969 
0.7857142857142857 0.7992125984251969 
0.8015873015873016 0.7992125984251969 
0.8055555555555556 0.7992125984251969 
0.8412698412698413 0.7992125984251969 
0.8452380952380952 0.7992125984251969 
0.9365079365079365 0.7992125984251969 
0.9563492063492064 0.7992125984251969 
0.6785714285714286 0.8031496062992126 
0.7182539682539683 0.8031496062992126 
0.7301587301587301 0.8031496062992126 
0.7579365079365079 0.8031496062992126 
0.7619047619047619 0.8031496062992126 
0.7658730158730159 0.8031496062992126 
0.7698412698412699 0.8031496062992126 
0.7857142857142857 0.8031496062992126 
0.8134920634920635 0.8031496062992126 
0.8214285714285714 0.8031496062992126 
0.8293650793650794 0.8031496062992126 
0.8452380952380952 0.8031496062992126 
0.9087301587301587 0.8031496062992126 
0.15873015873015872 0.8070866141732284 
0.2857142857142857 0.8070866141732284 
0.7301587301587301 0.8070866141732284 
0.7341269841269841 0.8070866141732284 
0.7817460317460317 0.8070866141732284 
0.8134920634920635 0.8070866141732284 
0.8174603174603174 0.8070866141732284 
0.8214285714285714 0.8070866141732284 
0.8293650793650794 0.8070866141732284 
0.8571428571428571 0.8070866141732284 
0.9642857142857143 0.8070866141732284 
0.32142857142857145 0.8110236220472441 
0.4246031746031746 0.8110236220472441 
0.6428571428571429 0.8110236220472441 
0.6547619047619048 0.8110236220472441 
0.6825396825396826 0.8110236220472441 
0.7103174603174603 0.8110236220472441 
0.7222222222222222 0.8110236220472441 
0.75 0.8110236220472441 
0.7579365079365079 0.8110236220472441 
0.7738095238095238 0.8110236220472441 
0.8095238095238095 0.8110236220472441 
0.8492063492063492 0.8110236220472441 
0.8611111111111112 0.8110236220472441 
0.876984126984127 0.8110236220472441 
0.9047619047619048 0.8110236220472441 
0.6706349206349206 0.8149606299212598 
0.6865079365079365 0.8149606299212598 
0.7698412698412699 0.8149606299212598 
0.8253968253968254 0.8149606299212598 
0.876984126984127 0.8149606299212598 
0.9047619047619048 0.8149606299212598 
0.9523809523809523 0.8149606299212598 
0.9801587301587301 0.8149606299212598 
0.5317460317460317 0.8188976377952756 
0.6785714285714286 0.8188976377952756 
0.6984126984126984 0.8188976377952756 
0.7103174603174603 0.8188976377952756 
0.7222222222222222 0.8188976377952756 
0.7420634920634921 0.8188976377952756 
0.7698412698412699 0.8188976377952756 
0.7738095238095238 0.8188976377952756 
0.7777777777777778 0.8188976377952756 
0.8055555555555556 0.8188976377952756 
0.8174603174603174 0.8188976377952756 
0.8293650793650794 0.8188976377952756 
0.8492063492063492 0.8188976377952756 
0.8611111111111112 0.8188976377952756 
0.8968253968253969 0.8188976377952756 
0.32142857142857145 0.8228346456692913 
0.6428571428571429 0.8228346456692913 
0.6904761904761905 0.8228346456692913 
0.7222222222222222 0.8228346456692913 
0.7261904761904762 0.8228346456692913 
0.7380952380952381 0.8228346456692913 
0.7619047619047619 0.8228346456692913 
0.7777777777777778 0.8228346456692913 
0.7896825396825397 0.8228346456692913 
0.8571428571428571 0.8228346456692913 
0.8650793650793651 0.8228346456692913 
0.9404761904761905 0.8228346456692913 
0.5753968253968254 0.8267716535433071 
0.6587301587301587 0.8267716535433071 
0.6865079365079365 0.8267716535433071 
0.7182539682539683 0.8267716535433071 
0.7222222222222222 0.8267716535433071 
0.7380952380952381 0.8267716535433071 
0.8055555555555556 0.8267716535433071 
0.8095238095238095 0.8267716535433071 
0.8333333333333334 0.8267716535433071 
0.8373015873015873 0.8267716535433071 
0.8412698412698413 0.8267716535433071 
0.8849206349206349 0.8267716535433071 
0.6587301587301587 0.8307086614173228 
0.7658730158730159 0.8307086614173228 
0.7738095238095238 0.8307086614173228 
0.7857142857142857 0.8307086614173228 
0.8134920634920635 0.8307086614173228 
0.8293650793650794 0.8307086614173228 
0.8571428571428571 0.8307086614173228 
0.9166666666666666 0.8307086614173228 
0.9325396825396826 0.8307086614173228 
0.21428571428571427 0.8346456692913385 
0.45634920634920634 0.8346456692913385 
0.7142857142857143 0.8346456692913385 
0.7301587301587301 0.8346456692913385 
0.7380952380952381 0.8346456692913385 
0.7619047619047619 0.8346456692913385 
0.8174603174603174 0.8346456692913385 
0.8253968253968254 0.8346456692913385 
0.8531746031746031 0.8346456692913385 
0.9166666666666666 0.8346456692913385 
0.9206349206349206 0.8346456692913385 
0.3531746031746032 0.8385826771653543 
0.6349206349206349 0.8385826771653543 
0.6746031746031746 0.8385826771653543 
0.746031746031746 0.8385826771653543 
0.7579365079365079 0.8385826771653543 
0.7817460317460317 0.8385826771653543 
0.8214285714285714 0.8385826771653543 
0.8492063492063492 0.8385826771653543 
0.8928571428571429 0.8385826771653543 
0.9007936507936508 0.8385826771653543 
0.25 0.84251968503937 
0.6626984126984127 0.84251968503937 
0.6904761904761905 0.84251968503937 
0.7063492063492064 0.84251968503937 
0.7182539682539683 0.84251968503937 
0.7341269841269841 0.84251968503937 
0.7579365079365079 0.84251968503937 
0.7738095238095238 0.84251968503937 
0.7777777777777778 0.84251968503937 
0.7857142857142857 0.84251968503937 
0.7976190476190477 0.84251968503937 
0.8055555555555556 0.84251968503937 
0.8452380952380952 0.84251968503937 
0.873015873015873 0.84251968503937 
0.8888888888888888 0.84251968503937 
0.9285714285714286 0.84251968503937 
0.7142857142857143 0.8464566929133859 
0.7301587301587301 0.8464566929133859 
0.7380952380952381 0.8464566929133859 
0.746031746031746 0.8464566929133859 
0.753968253968254 0.8464566929133859 
0.7698412698412699 0.8464566929133859 
0.8214285714285714 0.8464566929133859 
0.8531746031746031 0.8464566929133859 
0.876984126984127 0.8464566929133859 
0.9126984126984127 0.8464566929133859 
0.9166666666666666 0.8464566929133859 
0.16666666666666666 0.8503937007874016 
0.6904761904761905 0.8503937007874016 
0.7103174603174603 0.8503937007874016 
0.7182539682539683 0.8503937007874016 
0.7222222222222222 0.8503937007874016 
0.7261904761904762 0.8503937007874016 
0.746031746031746 0.8503937007874016 
0.7698412698412699 0.8503937007874016 
0.7738095238095238 0.8503937007874016 
0.7817460317460317 0.8503937007874016 
0.7857142857142857 0.8503937007874016 
0.8095238095238095 0.8503937007874016 
0.8174603174603174 0.8503937007874016 
0.8650793650793651 0.8503937007874016 
0.09126984126984126 0.8543307086614174 
0.4007936507936508 0.8543307086614174 
0.7619047619047619 0.8543307086614174 
0.7698412698412699 0.8543307086614174 
0.7777777777777778 0.8543307086614174 
0.8492063492063492 0.8543307086614174 
0.10714285714285714 0.8582677165354331 
0.746031746031746 0.8582677165354331 
0.7738095238095238 0.8582677165354331 
0.7896825396825397 0.8582677165354331 
0.8055555555555556 0.8582677165354331 
0.8333333333333334 0.8582677165354331 
0.9325396825396826 0.8582677165354331 
0.051587301587301584 0.8622047244094488 
0.7103174603174603 0.8622047244094488 
0.7380952380952381 0.8622047244094488 
0.75 0.8622047244094488 
0.7896825396825397 0.8622047244094488 
0.7936507936507936 0.8622047244094488 
0.3373015873015873 0.8661417322834646 
0.3888888888888889 0.8661417322834646 
0.6984126984126984 0.8661417322834646 
0.7579365079365079 0.8661417322834646 
0.7698412698412699 0.8661417322834646 
0.7738095238095238 0.8661417322834646 
0.7857142857142857 0.8661417322834646 
0.9404761904761905 0.8661417322834646 
0.6984126984126984 0.8700787401574803 
0.7301587301587301 0.8700787401574803 
0.7420634920634921 0.8700787401574803 
0.8015873015873016 0.8700787401574803 
0.8531746031746031 0.8700787401574803 
0.7341269841269841 0.8740157480314961 
0.7380952380952381 0.8740157480314961 
0.7619047619047619 0.8740157480314961 
0.7777777777777778 0.8740157480314961 
0.7817460317460317 0.8740157480314961 
0.7936507936507936 0.8740157480314961 
0.7976190476190477 0.8740157480314961 
0.8055555555555556 0.8740157480314961 
0.9563492063492064 0.8740157480314961 
0.6071428571428571 0.8779527559055118 
0.6746031746031746 0.8779527559055118 
0.6944444444444444 0.8779527559055118 
0.7341269841269841 0.8779527559055118 
0.7698412698412699 0.8779527559055118 
0.7976190476190477 0.8779527559055118 
0.8134920634920635 0.8779527559055118 
0.9047619047619048 0.8779527559055118 
0.2857142857142857 0.8818897637795275 
0.7103174603174603 0.8818897637795275 
0.746031746031746 0.8818897637795275 
0.75 0.8818897637795275 
0.8015873015873016 0.8818897637795275 
0.8452380952380952 0.8818897637795275 
0.8571428571428571 0.8818897637795275 
0.5873015873015873 0.8858267716535433 
0.7063492063492064 0.8858267716535433 
0.7182539682539683 0.8858267716535433 
0.7738095238095238 0.8858267716535433 
0.7976190476190477 0.8858267716535433 
0.8968253968253969 0.8858267716535433 
0.5396825396825397 0.889763779527559 
0.8174603174603174 0.889763779527559 
0.8412698412698413 0.889763779527559 
0.8452380952380952 0.889763779527559 
0.8690476190476191 0.889763779527559 
0.0 0.8937007874015748 
0.07539682539682539 0.8937007874015748 
0.25 0.8937007874015748 
0.75 0.8937007874015748 
0.7896825396825397 0.8937007874015748 
0.7103174603174603 0.8976377952755905 
0.7857142857142857 0.8976377952755905 
0.8095238095238095 0.8976377952755905 
0.8293650793650794 0.8976377952755905 
0.9206349206349206 0.8976377952755905 
0.5476190476190477 0.9015748031496063 
0.6587301587301587 0.9015748031496063 
0.75 0.9015748031496063 
0.753968253968254 0.9015748031496063 
0.7738095238095238 0.9015748031496063 
0.6984126984126984 0.905511811023622 
0.7817460317460317 0.905511811023622 
0.8690476190476191 0.905511811023622 
0.17857142857142858 0.9094488188976378 
0.373015873015873 0.9094488188976378 
0.7579365079365079 0.9133858267716536 
0.7619047619047619 0.9133858267716536 
0.7817460317460317 0.9133858267716536 
0.8174603174603174 0.9133858267716536 
0.8333333333333334 0.9133858267716536 
0.8571428571428571 0.9133858267716536 
0.746031746031746 0.9173228346456693 
0.8174603174603174 0.9173228346456693 
0.8611111111111112 0.9173228346456693 
0.40476190476190477 0.9212598425196851 
0.75 0.9212598425196851 
0.8531746031746031 0.9212598425196851 
0.9404761904761905 0.9212598425196851 
0.9047619047619048 0.9251968503937008 
0.9166666666666666 0.9251968503937008 
0.10714285714285714 0.9291338582677166 
0.29365079365079366 0.9291338582677166 
0.8134920634920635 0.9291338582677166 
0.8809523809523809 0.9291338582677166 
0.9047619047619048 0.9291338582677166 
0.7579365079365079 0.9330708661417323 
0.7777777777777778 0.9330708661417323 
0.8690476190476191 0.9330708661417323 
0.75 0.937007874015748 
0.8809523809523809 0.9448818897637795 
0.876984126984127 0.9488188976377953 
0.9642857142857143 0.9488188976377953 
0.0 0.952755905511811 
0.25 0.952755905511811 
0.8095238095238095 0.952755905511811 
0.373015873015873 0.9566929133858267 
0.8293650793650794 0.9566929133858267 
0.015873015873015872 0.9606299212598425 
0.6190476190476191 0.9606299212598425 
0.10714285714285714 0.9645669291338582 
0.7222222222222222 0.9645669291338582 
0.8571428571428571 0.9645669291338582 
0.8888888888888888 0.9645669291338582 
0.14682539682539683 0.968503937007874 
0.19047619047619047 0.968503937007874 
0.40476190476190477 0.968503937007874 
0.8492063492063492 0.968503937007874 
0.5396825396825397 0.9724409448818898 
0.8095238095238095 0.9724409448818898 
0.1626984126984127 0.9763779527559056 
0.753968253968254 0.9763779527559056 
0.12301587301587301 0.984251968503937 
0.5079365079365079 0.9881889763779528 
0.6825396825396826 0.9881889763779528 
0.9761904761904762 0.9881889763779528 
0.6111111111111112 0.9921259842519685 
0.46825396825396826 0.9960629921259843 
0.9365079365079365 0.9960629921259843 
0.43253968253968256 1.0 
