1972 2
0.13865546218487396 0.0 
0.14705882352941177 0.004310344827586207 
0.18067226890756302 0.004310344827586207 
0.23109243697478993 0.021551724137931036 
0.11764705882352941 0.03017241379310345 
0.19747899159663865 0.03017241379310345 
0.2184873949579832 0.034482758620689655 
0.2605042016806723 0.034482758620689655 
0.6092436974789915 0.034482758620689655 
0.20168067226890757 0.03879310344827586 
0.12184873949579832 0.04310344827586207 
0.15126050420168066 0.04310344827586207 
0.1638655462184874 0.04741379310344827 
0.10504201680672269 0.05172413793103448 
0.12605042016806722 0.05172413793103448 
0.15126050420168066 0.05172413793103448 
0.21008403361344538 0.05172413793103448 
0.06302521008403361 0.05603448275862069 
0.11764705882352941 0.05603448275862069 
0.13025210084033614 0.05603448275862069 
0.14285714285714285 0.05603448275862069 
0.11764705882352941 0.06465517241379311 
0.12184873949579832 0.06465517241379311 
0.15546218487394958 0.06465517241379311 
0.15966386554621848 0.06465517241379311 
0.1722689075630252 0.06465517241379311 
0.19327731092436976 0.06465517241379311 
0.12184873949579832 0.06896551724137931 
0.19327731092436976 0.06896551724137931 
0.09663865546218488 0.07327586206896551 
0.1092436974789916 0.07327586206896551 
0.1134453781512605 0.07327586206896551 
0.13445378151260504 0.07327586206896551 
0.14705882352941177 0.07327586206896551 
0.18067226890756302 0.07327586206896551 
0.10084033613445378 0.08189655172413793 
0.1134453781512605 0.08189655172413793 
0.11764705882352941 0.08189655172413793 
0.13025210084033614 0.08189655172413793 
0.13445378151260504 0.08189655172413793 
0.18067226890756302 0.08189655172413793 
0.19327731092436976 0.08189655172413793 
0.2184873949579832 0.08189655172413793 
0.13865546218487396 0.08620689655172414 
0.14285714285714285 0.08620689655172414 
0.16806722689075632 0.08620689655172414 
0.2184873949579832 0.08620689655172414 
0.10504201680672269 0.09051724137931035 
0.12184873949579832 0.09051724137931035 
0.14285714285714285 0.09051724137931035 
0.20588235294117646 0.09051724137931035 
0.09663865546218488 0.09482758620689655 
0.10084033613445378 0.09482758620689655 
0.13445378151260504 0.09482758620689655 
0.15546218487394958 0.09482758620689655 
0.15966386554621848 0.09482758620689655 
0.18907563025210083 0.09482758620689655 
0.23529411764705882 0.09482758620689655 
0.5504201680672269 0.09482758620689655 
0.10084033613445378 0.09913793103448276 
0.1134453781512605 0.09913793103448276 
0.14285714285714285 0.09913793103448276 
0.14705882352941177 0.09913793103448276 
0.15966386554621848 0.09913793103448276 
0.19747899159663865 0.09913793103448276 
0.058823529411764705 0.10344827586206896 
0.07563025210084033 0.10344827586206896 
0.12605042016806722 0.10344827586206896 
0.13865546218487396 0.10344827586206896 
0.15126050420168066 0.10344827586206896 
0.1638655462184874 0.10344827586206896 
0.16806722689075632 0.10344827586206896 
0.18067226890756302 0.10344827586206896 
0.18487394957983194 0.10344827586206896 
0.19747899159663865 0.10344827586206896 
0.21008403361344538 0.10344827586206896 
0.5630252100840336 0.10344827586206896 
0.09663865546218488 0.10775862068965517 
0.13025210084033614 0.10775862068965517 
0.15126050420168066 0.10775862068965517 
0.1638655462184874 0.10775862068965517 
0.18487394957983194 0.10775862068965517 
0.18907563025210083 0.10775862068965517 
0.19327731092436976 0.10775862068965517 
0.5882352941176471 0.10775862068965517 
0.6302521008403361 0.10775862068965517 
0.08403361344537816 0.11206896551724138 
0.1134453781512605 0.11206896551724138 
0.14285714285714285 0.11206896551724138 
0.14705882352941177 0.11206896551724138 
0.15966386554621848 0.11206896551724138 
0.1638655462184874 0.11206896551724138 
0.1722689075630252 0.11206896551724138 
0.08403361344537816 0.11637931034482758 
0.1134453781512605 0.11637931034482758 
0.12605042016806722 0.11637931034482758 
0.13445378151260504 0.11637931034482758 
0.15546218487394958 0.11637931034482758 
0.1722689075630252 0.11637931034482758 
0.18907563025210083 0.11637931034482758 
0.13865546218487396 0.1206896551724138 
0.14285714285714285 0.1206896551724138 
0.14705882352941177 0.1206896551724138 
0.16806722689075632 0.1206896551724138 
0.18067226890756302 0.1206896551724138 
0.1134453781512605 0.125 
0.13025210084033614 0.125 
0.13445378151260504 0.125 
0.15966386554621848 0.125 
0.1638655462184874 0.125 
0.16806722689075632 0.125 
0.18907563025210083 0.125 
0.07142857142857142 0.12931034482758622 
0.07563025210084033 0.12931034482758622 
0.12605042016806722 0.12931034482758622 
0.13025210084033614 0.12931034482758622 
0.14705882352941177 0.12931034482758622 
0.15546218487394958 0.12931034482758622 
0.17647058823529413 0.12931034482758622 
0.226890756302521 0.12931034482758622 
0.09243697478991597 0.1336206896551724 
0.1134453781512605 0.1336206896551724 
0.12605042016806722 0.1336206896551724 
0.13865546218487396 0.1336206896551724 
0.1638655462184874 0.1336206896551724 
0.19327731092436976 0.1336206896551724 
0.21008403361344538 0.1336206896551724 
0.09243697478991597 0.13793103448275862 
0.12184873949579832 0.13793103448275862 
0.13865546218487396 0.13793103448275862 
0.15546218487394958 0.13793103448275862 
0.1638655462184874 0.13793103448275862 
0.16806722689075632 0.13793103448275862 
0.18067226890756302 0.13793103448275862 
0.18487394957983194 0.13793103448275862 
0.19327731092436976 0.13793103448275862 
0.21008403361344538 0.13793103448275862 
0.23529411764705882 0.13793103448275862 
0.7352941176470589 0.13793103448275862 
0.07142857142857142 0.14224137931034483 
0.1092436974789916 0.14224137931034483 
0.5168067226890757 0.14224137931034483 
0.07983193277310924 0.14655172413793102 
0.14705882352941177 0.14655172413793102 
0.16806722689075632 0.14655172413793102 
0.18487394957983194 0.14655172413793102 
0.6134453781512605 0.14655172413793102 
0.09663865546218488 0.15086206896551724 
0.12605042016806722 0.15086206896551724 
0.13025210084033614 0.15086206896551724 
0.13865546218487396 0.15086206896551724 
0.14705882352941177 0.15086206896551724 
0.1638655462184874 0.15086206896551724 
0.17647058823529413 0.15086206896551724 
0.18067226890756302 0.15086206896551724 
0.20168067226890757 0.15086206896551724 
0.4789915966386555 0.15086206896551724 
0.49159663865546216 0.15086206896551724 
0.10504201680672269 0.15517241379310345 
0.1134453781512605 0.15517241379310345 
0.12184873949579832 0.15517241379310345 
0.14705882352941177 0.15517241379310345 
0.1638655462184874 0.15517241379310345 
0.19327731092436976 0.15517241379310345 
0.5462184873949579 0.15517241379310345 
0.6680672268907563 0.15517241379310345 
0.13445378151260504 0.15948275862068967 
0.13865546218487396 0.15948275862068967 
0.14705882352941177 0.15948275862068967 
0.15546218487394958 0.15948275862068967 
0.5084033613445378 0.15948275862068967 
0.6092436974789915 0.15948275862068967 
0.10084033613445378 0.16379310344827586 
0.10504201680672269 0.16379310344827586 
0.13025210084033614 0.16379310344827586 
0.6554621848739496 0.16379310344827586 
0.7899159663865546 0.16379310344827586 
0.13445378151260504 0.16810344827586207 
0.14285714285714285 0.16810344827586207 
0.15546218487394958 0.16810344827586207 
0.23529411764705882 0.16810344827586207 
0.5084033613445378 0.16810344827586207 
0.5210084033613446 0.16810344827586207 
0.5294117647058824 0.16810344827586207 
0.7058823529411765 0.16810344827586207 
0.12605042016806722 0.1724137931034483 
0.13865546218487396 0.1724137931034483 
0.15966386554621848 0.1724137931034483 
0.17647058823529413 0.1724137931034483 
0.18487394957983194 0.1724137931034483 
0.592436974789916 0.1724137931034483 
0.6092436974789915 0.1724137931034483 
0.10504201680672269 0.17672413793103448 
0.13865546218487396 0.17672413793103448 
0.5084033613445378 0.17672413793103448 
0.634453781512605 0.17672413793103448 
0.6386554621848739 0.17672413793103448 
0.6722689075630253 0.17672413793103448 
0.6932773109243697 0.17672413793103448 
0.12605042016806722 0.1810344827586207 
0.2184873949579832 0.1810344827586207 
0.542016806722689 0.1810344827586207 
0.5714285714285714 0.1810344827586207 
0.12605042016806722 0.1853448275862069 
0.14285714285714285 0.1853448275862069 
0.5126050420168067 0.1853448275862069 
0.5546218487394958 0.1853448275862069 
0.1638655462184874 0.1896551724137931 
0.1722689075630252 0.1896551724137931 
0.6008403361344538 0.1896551724137931 
0.18067226890756302 0.1939655172413793 
0.5210084033613446 0.1939655172413793 
0.21008403361344538 0.19827586206896552 
0.4789915966386555 0.19827586206896552 
0.5210084033613446 0.2025862068965517 
0.5714285714285714 0.2025862068965517 
0.6008403361344538 0.2025862068965517 
0.6722689075630253 0.2025862068965517 
0.6890756302521008 0.2025862068965517 
0.3949579831932773 0.20689655172413793 
0.5084033613445378 0.20689655172413793 
0.5336134453781513 0.20689655172413793 
0.5714285714285714 0.20689655172413793 
0.4411764705882353 0.21120689655172414 
0.5588235294117647 0.21120689655172414 
0.6302521008403361 0.21120689655172414 
0.6638655462184874 0.21120689655172414 
0.4327731092436975 0.21551724137931033 
0.5 0.21551724137931033 
0.18067226890756302 0.21982758620689655 
0.5672268907563025 0.21982758620689655 
0.4957983193277311 0.22413793103448276 
0.5084033613445378 0.22413793103448276 
0.5798319327731093 0.22413793103448276 
0.592436974789916 0.22413793103448276 
0.6008403361344538 0.22413793103448276 
0.6470588235294118 0.22413793103448276 
0.726890756302521 0.22413793103448276 
0.4579831932773109 0.22844827586206898 
0.5126050420168067 0.22844827586206898 
0.5630252100840336 0.22844827586206898 
0.5798319327731093 0.22844827586206898 
0.5840336134453782 0.22844827586206898 
0.592436974789916 0.22844827586206898 
0.6176470588235294 0.22844827586206898 
0.6386554621848739 0.22844827586206898 
0.6554621848739496 0.22844827586206898 
0.5042016806722689 0.23275862068965517 
0.542016806722689 0.23275862068965517 
0.6554621848739496 0.23275862068965517 
0.226890756302521 0.23706896551724138 
0.5168067226890757 0.23706896551724138 
0.5462184873949579 0.23706896551724138 
0.6302521008403361 0.23706896551724138 
0.6428571428571429 0.23706896551724138 
0.7647058823529411 0.23706896551724138 
0.3949579831932773 0.2413793103448276 
0.46638655462184875 0.2413793103448276 
0.4957983193277311 0.2413793103448276 
0.5 0.2413793103448276 
0.5168067226890757 0.2413793103448276 
0.5378151260504201 0.2413793103448276 
0.5672268907563025 0.2413793103448276 
0.4327731092436975 0.24568965517241378 
0.48739495798319327 0.24568965517241378 
0.5378151260504201 0.24568965517241378 
0.6008403361344538 0.24568965517241378 
0.634453781512605 0.24568965517241378 
0.31512605042016806 0.25 
0.39915966386554624 0.25 
0.634453781512605 0.25 
0.5336134453781513 0.2543103448275862 
0.634453781512605 0.2543103448275862 
0.6428571428571429 0.2543103448275862 
0.6638655462184874 0.2543103448275862 
0.47058823529411764 0.25862068965517243 
0.49159663865546216 0.25862068965517243 
0.5 0.25862068965517243 
0.5084033613445378 0.25862068965517243 
0.542016806722689 0.25862068965517243 
0.5462184873949579 0.25862068965517243 
0.5966386554621849 0.25862068965517243 
0.6218487394957983 0.25862068965517243 
0.6302521008403361 0.25862068965517243 
0.6554621848739496 0.25862068965517243 
0.7058823529411765 0.25862068965517243 
0.37815126050420167 0.2629310344827586 
0.5084033613445378 0.2629310344827586 
0.5294117647058824 0.2629310344827586 
0.5672268907563025 0.2629310344827586 
0.5798319327731093 0.2629310344827586 
0.6008403361344538 0.2629310344827586 
0.5210084033613446 0.2672413793103448 
0.542016806722689 0.2672413793103448 
0.5588235294117647 0.2672413793103448 
0.5672268907563025 0.2672413793103448 
0.5714285714285714 0.2672413793103448 
0.5756302521008403 0.2672413793103448 
0.5798319327731093 0.2672413793103448 
0.592436974789916 0.2672413793103448 
0.6092436974789915 0.2672413793103448 
0.3739495798319328 0.27155172413793105 
0.5042016806722689 0.27155172413793105 
0.5462184873949579 0.27155172413793105 
0.5588235294117647 0.27155172413793105 
0.6092436974789915 0.27155172413793105 
0.7100840336134454 0.27155172413793105 
0.4789915966386555 0.27586206896551724 
0.5 0.27586206896551724 
0.5294117647058824 0.27586206896551724 
0.5546218487394958 0.27586206896551724 
0.6848739495798319 0.27586206896551724 
0.453781512605042 0.2801724137931034 
0.4831932773109244 0.2801724137931034 
0.5168067226890757 0.2801724137931034 
0.5210084033613446 0.2801724137931034 
0.5336134453781513 0.2801724137931034 
0.5462184873949579 0.2801724137931034 
0.46218487394957986 0.28448275862068967 
0.4831932773109244 0.28448275862068967 
0.5294117647058824 0.28448275862068967 
0.5336134453781513 0.28448275862068967 
0.5462184873949579 0.28448275862068967 
0.5798319327731093 0.28448275862068967 
0.6092436974789915 0.28448275862068967 
0.6638655462184874 0.28448275862068967 
0.6974789915966386 0.28448275862068967 
0.7436974789915967 0.28448275862068967 
0.4411764705882353 0.28879310344827586 
0.47478991596638653 0.28879310344827586 
0.5336134453781513 0.28879310344827586 
0.5378151260504201 0.28879310344827586 
0.592436974789916 0.28879310344827586 
0.6302521008403361 0.28879310344827586 
0.6470588235294118 0.28879310344827586 
0.6512605042016807 0.28879310344827586 
0.6890756302521008 0.28879310344827586 
0.7100840336134454 0.28879310344827586 
0.3907563025210084 0.29310344827586204 
0.5 0.29310344827586204 
0.542016806722689 0.29310344827586204 
0.5588235294117647 0.29310344827586204 
0.5630252100840336 0.29310344827586204 
0.5672268907563025 0.29310344827586204 
0.592436974789916 0.29310344827586204 
0.6470588235294118 0.29310344827586204 
0.6638655462184874 0.29310344827586204 
0.47058823529411764 0.2974137931034483 
0.49159663865546216 0.2974137931034483 
0.5588235294117647 0.2974137931034483 
0.6470588235294118 0.2974137931034483 
0.6512605042016807 0.2974137931034483 
0.7394957983193278 0.2974137931034483 
0.42016806722689076 0.3017241379310345 
0.48739495798319327 0.3017241379310345 
0.49159663865546216 0.3017241379310345 
0.542016806722689 0.3017241379310345 
0.5462184873949579 0.3017241379310345 
0.5756302521008403 0.3017241379310345 
0.5966386554621849 0.3017241379310345 
0.6386554621848739 0.3017241379310345 
0.7016806722689075 0.3017241379310345 
0.3907563025210084 0.30603448275862066 
0.39915966386554624 0.30603448275862066 
0.5042016806722689 0.30603448275862066 
0.5210084033613446 0.30603448275862066 
0.5630252100840336 0.30603448275862066 
0.6050420168067226 0.30603448275862066 
0.6092436974789915 0.30603448275862066 
0.6176470588235294 0.30603448275862066 
0.6302521008403361 0.30603448275862066 
0.6638655462184874 0.30603448275862066 
0.6890756302521008 0.30603448275862066 
0.7521008403361344 0.30603448275862066 
0.25630252100840334 0.3103448275862069 
0.46218487394957986 0.3103448275862069 
0.5714285714285714 0.3103448275862069 
0.5756302521008403 0.3103448275862069 
0.6512605042016807 0.3103448275862069 
0.6596638655462185 0.3103448275862069 
0.5252100840336135 0.3146551724137931 
0.5294117647058824 0.3146551724137931 
0.5714285714285714 0.3146551724137931 
0.5882352941176471 0.3146551724137931 
0.5966386554621849 0.3146551724137931 
0.6008403361344538 0.3146551724137931 
0.6092436974789915 0.3146551724137931 
0.6386554621848739 0.3146551724137931 
0.6428571428571429 0.3146551724137931 
0.2689075630252101 0.31896551724137934 
0.4831932773109244 0.31896551724137934 
0.4957983193277311 0.31896551724137934 
0.5672268907563025 0.31896551724137934 
0.5756302521008403 0.31896551724137934 
0.6008403361344538 0.31896551724137934 
0.6134453781512605 0.31896551724137934 
0.6302521008403361 0.31896551724137934 
0.29411764705882354 0.3232758620689655 
0.33613445378151263 0.3232758620689655 
0.4411764705882353 0.3232758620689655 
0.47478991596638653 0.3232758620689655 
0.5588235294117647 0.3232758620689655 
0.5672268907563025 0.3232758620689655 
0.5756302521008403 0.3232758620689655 
0.5882352941176471 0.3232758620689655 
0.6008403361344538 0.3232758620689655 
0.4411764705882353 0.3275862068965517 
0.49159663865546216 0.3275862068965517 
0.4957983193277311 0.3275862068965517 
0.5210084033613446 0.3275862068965517 
0.5252100840336135 0.3275862068965517 
0.5336134453781513 0.3275862068965517 
0.5378151260504201 0.3275862068965517 
0.5840336134453782 0.3275862068965517 
0.6176470588235294 0.3275862068965517 
0.6260504201680672 0.3275862068965517 
0.6470588235294118 0.3275862068965517 
0.6722689075630253 0.3275862068965517 
0.4369747899159664 0.33189655172413796 
0.4411764705882353 0.33189655172413796 
0.5714285714285714 0.33189655172413796 
0.5840336134453782 0.33189655172413796 
0.6092436974789915 0.33189655172413796 
0.6428571428571429 0.33189655172413796 
0.4579831932773109 0.33620689655172414 
0.46638655462184875 0.33620689655172414 
0.4831932773109244 0.33620689655172414 
0.5462184873949579 0.33620689655172414 
0.5504201680672269 0.33620689655172414 
0.5630252100840336 0.33620689655172414 
0.5966386554621849 0.33620689655172414 
0.6050420168067226 0.33620689655172414 
0.6176470588235294 0.33620689655172414 
0.634453781512605 0.33620689655172414 
0.6974789915966386 0.33620689655172414 
0.7647058823529411 0.33620689655172414 
0.24369747899159663 0.34051724137931033 
0.4369747899159664 0.34051724137931033 
0.5546218487394958 0.34051724137931033 
0.5630252100840336 0.34051724137931033 
0.6260504201680672 0.34051724137931033 
0.634453781512605 0.34051724137931033 
0.7016806722689075 0.34051724137931033 
0.35714285714285715 0.3448275862068966 
0.4957983193277311 0.3448275862068966 
0.5378151260504201 0.3448275862068966 
0.5462184873949579 0.3448275862068966 
0.5630252100840336 0.3448275862068966 
0.6092436974789915 0.3448275862068966 
0.6302521008403361 0.3448275862068966 
0.7058823529411765 0.3448275862068966 
0.453781512605042 0.34913793103448276 
0.5336134453781513 0.34913793103448276 
0.5378151260504201 0.34913793103448276 
0.5504201680672269 0.34913793103448276 
0.5882352941176471 0.34913793103448276 
0.6008403361344538 0.34913793103448276 
0.6512605042016807 0.34913793103448276 
0.6554621848739496 0.34913793103448276 
0.6974789915966386 0.34913793103448276 
0.7226890756302521 0.34913793103448276 
0.41596638655462187 0.35344827586206895 
0.42436974789915966 0.35344827586206895 
0.4411764705882353 0.35344827586206895 
0.5 0.35344827586206895 
0.5210084033613446 0.35344827586206895 
0.5462184873949579 0.35344827586206895 
0.5630252100840336 0.35344827586206895 
0.5798319327731093 0.35344827586206895 
0.5840336134453782 0.35344827586206895 
0.6218487394957983 0.35344827586206895 
0.6260504201680672 0.35344827586206895 
0.7226890756302521 0.35344827586206895 
0.7436974789915967 0.35344827586206895 
0.22268907563025211 0.3577586206896552 
0.33613445378151263 0.3577586206896552 
0.4495798319327731 0.3577586206896552 
0.49159663865546216 0.3577586206896552 
0.5042016806722689 0.3577586206896552 
0.5336134453781513 0.3577586206896552 
0.542016806722689 0.3577586206896552 
0.5630252100840336 0.3577586206896552 
0.6008403361344538 0.3577586206896552 
0.6092436974789915 0.3577586206896552 
0.6932773109243697 0.3577586206896552 
0.31932773109243695 0.3620689655172414 
0.5042016806722689 0.3620689655172414 
0.5588235294117647 0.3620689655172414 
0.592436974789916 0.3620689655172414 
0.5966386554621849 0.3620689655172414 
0.6008403361344538 0.3620689655172414 
0.6092436974789915 0.3620689655172414 
0.18487394957983194 0.36637931034482757 
0.19747899159663865 0.36637931034482757 
0.4117647058823529 0.36637931034482757 
0.42436974789915966 0.36637931034482757 
0.453781512605042 0.36637931034482757 
0.4831932773109244 0.36637931034482757 
0.4957983193277311 0.36637931034482757 
0.5252100840336135 0.36637931034482757 
0.5504201680672269 0.36637931034482757 
0.6428571428571429 0.36637931034482757 
0.6596638655462185 0.36637931034482757 
0.6890756302521008 0.36637931034482757 
0.25210084033613445 0.3706896551724138 
0.3739495798319328 0.3706896551724138 
0.4411764705882353 0.3706896551724138 
0.4579831932773109 0.3706896551724138 
0.5462184873949579 0.3706896551724138 
0.6050420168067226 0.3706896551724138 
0.6596638655462185 0.3706896551724138 
0.6890756302521008 0.3706896551724138 
0.7394957983193278 0.3706896551724138 
0.7689075630252101 0.3706896551724138 
0.21428571428571427 0.375 
0.29411764705882354 0.375 
0.31512605042016806 0.375 
0.4831932773109244 0.375 
0.4957983193277311 0.375 
0.5168067226890757 0.375 
0.5462184873949579 0.375 
0.5504201680672269 0.375 
0.5546218487394958 0.375 
0.5840336134453782 0.375 
0.5966386554621849 0.375 
0.6302521008403361 0.375 
0.6428571428571429 0.375 
0.36134453781512604 0.3793103448275862 
0.4117647058823529 0.3793103448275862 
0.46218487394957986 0.3793103448275862 
0.4957983193277311 0.3793103448275862 
0.5 0.3793103448275862 
0.5378151260504201 0.3793103448275862 
0.6386554621848739 0.3793103448275862 
0.6470588235294118 0.3793103448275862 
0.21428571428571427 0.38362068965517243 
0.226890756302521 0.38362068965517243 
0.23529411764705882 0.38362068965517243 
0.3025210084033613 0.38362068965517243 
0.3403361344537815 0.38362068965517243 
0.4117647058823529 0.38362068965517243 
0.42857142857142855 0.38362068965517243 
0.4579831932773109 0.38362068965517243 
0.49159663865546216 0.38362068965517243 
0.4957983193277311 0.38362068965517243 
0.5882352941176471 0.38362068965517243 
0.6134453781512605 0.38362068965517243 
0.6176470588235294 0.38362068965517243 
0.6218487394957983 0.38362068965517243 
0.6680672268907563 0.38362068965517243 
0.29831932773109243 0.3879310344827586 
0.31512605042016806 0.3879310344827586 
0.42857142857142855 0.3879310344827586 
0.542016806722689 0.3879310344827586 
0.5504201680672269 0.3879310344827586 
0.5630252100840336 0.3879310344827586 
0.592436974789916 0.3879310344827586 
0.6092436974789915 0.3879310344827586 
0.6386554621848739 0.3879310344827586 
0.7016806722689075 0.3879310344827586 
0.7184873949579832 0.3879310344827586 
0.21428571428571427 0.3922413793103448 
0.3403361344537815 0.3922413793103448 
0.3445378151260504 0.3922413793103448 
0.37815126050420167 0.3922413793103448 
0.39915966386554624 0.3922413793103448 
0.48739495798319327 0.3922413793103448 
0.5042016806722689 0.3922413793103448 
0.5126050420168067 0.3922413793103448 
0.5378151260504201 0.3922413793103448 
0.6050420168067226 0.3922413793103448 
0.7058823529411765 0.3922413793103448 
0.18067226890756302 0.39655172413793105 
0.24789915966386555 0.39655172413793105 
0.25630252100840334 0.39655172413793105 
0.2773109243697479 0.39655172413793105 
0.44537815126050423 0.39655172413793105 
0.5210084033613446 0.39655172413793105 
0.5336134453781513 0.39655172413793105 
0.5588235294117647 0.39655172413793105 
0.6008403361344538 0.39655172413793105 
0.6302521008403361 0.39655172413793105 
0.6764705882352942 0.39655172413793105 
0.6848739495798319 0.39655172413793105 
0.2184873949579832 0.40086206896551724 
0.2605042016806723 0.40086206896551724 
0.2815126050420168 0.40086206896551724 
0.4327731092436975 0.40086206896551724 
0.46218487394957986 0.40086206896551724 
0.49159663865546216 0.40086206896551724 
0.5336134453781513 0.40086206896551724 
0.5504201680672269 0.40086206896551724 
0.5546218487394958 0.40086206896551724 
0.5630252100840336 0.40086206896551724 
0.5756302521008403 0.40086206896551724 
0.5840336134453782 0.40086206896551724 
0.6260504201680672 0.40086206896551724 
0.6554621848739496 0.40086206896551724 
0.6722689075630253 0.40086206896551724 
0.7142857142857143 0.40086206896551724 
0.3067226890756303 0.4051724137931034 
0.48739495798319327 0.4051724137931034 
0.5042016806722689 0.4051724137931034 
0.5126050420168067 0.4051724137931034 
0.5210084033613446 0.4051724137931034 
0.5294117647058824 0.4051724137931034 
0.6008403361344538 0.4051724137931034 
0.634453781512605 0.4051724137931034 
0.6596638655462185 0.4051724137931034 
0.6974789915966386 0.4051724137931034 
0.226890756302521 0.40948275862068967 
0.46218487394957986 0.40948275862068967 
0.4831932773109244 0.40948275862068967 
0.49159663865546216 0.40948275862068967 
0.4957983193277311 0.40948275862068967 
0.5210084033613446 0.40948275862068967 
0.5504201680672269 0.40948275862068967 
0.5588235294117647 0.40948275862068967 
0.5630252100840336 0.40948275862068967 
0.5966386554621849 0.40948275862068967 
0.18487394957983194 0.41379310344827586 
0.5378151260504201 0.41379310344827586 
0.5462184873949579 0.41379310344827586 
0.6302521008403361 0.41379310344827586 
0.14705882352941177 0.41810344827586204 
0.226890756302521 0.41810344827586204 
0.24789915966386555 0.41810344827586204 
0.2773109243697479 0.41810344827586204 
0.3067226890756303 0.41810344827586204 
0.37815126050420167 0.41810344827586204 
0.3949579831932773 0.41810344827586204 
0.5210084033613446 0.41810344827586204 
0.5672268907563025 0.41810344827586204 
0.5840336134453782 0.41810344827586204 
0.6134453781512605 0.41810344827586204 
0.7184873949579832 0.41810344827586204 
0.10084033613445378 0.4224137931034483 
0.21428571428571427 0.4224137931034483 
0.23949579831932774 0.4224137931034483 
0.2773109243697479 0.4224137931034483 
0.4831932773109244 0.4224137931034483 
0.5672268907563025 0.4224137931034483 
0.14705882352941177 0.4267241379310345 
0.2647058823529412 0.4267241379310345 
0.33613445378151263 0.4267241379310345 
0.3697478991596639 0.4267241379310345 
0.47058823529411764 0.4267241379310345 
0.5336134453781513 0.4267241379310345 
0.5504201680672269 0.4267241379310345 
0.5630252100840336 0.4267241379310345 
0.726890756302521 0.4267241379310345 
0.13865546218487396 0.43103448275862066 
0.20588235294117646 0.43103448275862066 
0.47058823529411764 0.43103448275862066 
0.5042016806722689 0.43103448275862066 
0.5168067226890757 0.43103448275862066 
0.5798319327731093 0.43103448275862066 
0.634453781512605 0.43103448275862066 
0.27310924369747897 0.4353448275862069 
0.5084033613445378 0.4353448275862069 
0.5378151260504201 0.4353448275862069 
0.5546218487394958 0.4353448275862069 
0.5588235294117647 0.4353448275862069 
0.5714285714285714 0.4353448275862069 
0.5840336134453782 0.4353448275862069 
0.7436974789915967 0.4353448275862069 
0.20168067226890757 0.4396551724137931 
0.21428571428571427 0.4396551724137931 
0.2689075630252101 0.4396551724137931 
0.2857142857142857 0.4396551724137931 
0.28991596638655465 0.4396551724137931 
0.29831932773109243 0.4396551724137931 
0.3067226890756303 0.4396551724137931 
0.3235294117647059 0.4396551724137931 
0.35294117647058826 0.4396551724137931 
0.3739495798319328 0.4396551724137931 
0.4327731092436975 0.4396551724137931 
0.44537815126050423 0.4396551724137931 
0.46638655462184875 0.4396551724137931 
0.5462184873949579 0.4396551724137931 
0.592436974789916 0.4396551724137931 
0.6890756302521008 0.4396551724137931 
0.1638655462184874 0.44396551724137934 
0.2184873949579832 0.44396551724137934 
0.24789915966386555 0.44396551724137934 
0.2689075630252101 0.44396551724137934 
0.2857142857142857 0.44396551724137934 
0.28991596638655465 0.44396551724137934 
0.29831932773109243 0.44396551724137934 
0.3235294117647059 0.44396551724137934 
0.3445378151260504 0.44396551724137934 
0.36134453781512604 0.44396551724137934 
0.5210084033613446 0.44396551724137934 
0.5252100840336135 0.44396551724137934 
0.6260504201680672 0.44396551724137934 
0.6386554621848739 0.44396551724137934 
0.21008403361344538 0.4482758620689655 
0.24789915966386555 0.4482758620689655 
0.36134453781512604 0.4482758620689655 
0.4789915966386555 0.4482758620689655 
0.5504201680672269 0.4482758620689655 
0.5756302521008403 0.4482758620689655 
0.680672268907563 0.4482758620689655 
0.22268907563025211 0.4525862068965517 
0.25210084033613445 0.4525862068965517 
0.33613445378151263 0.4525862068965517 
0.3487394957983193 0.4525862068965517 
0.47058823529411764 0.4525862068965517 
0.5966386554621849 0.4525862068965517 
0.6218487394957983 0.4525862068965517 
0.6260504201680672 0.4525862068965517 
0.6512605042016807 0.4525862068965517 
0.10084033613445378 0.45689655172413796 
0.1722689075630252 0.45689655172413796 
0.20168067226890757 0.45689655172413796 
0.20588235294117646 0.45689655172413796 
0.22268907563025211 0.45689655172413796 
0.24369747899159663 0.45689655172413796 
0.27310924369747897 0.45689655172413796 
0.5252100840336135 0.45689655172413796 
0.5672268907563025 0.45689655172413796 
0.13865546218487396 0.46120689655172414 
0.19327731092436976 0.46120689655172414 
0.24369747899159663 0.46120689655172414 
0.2605042016806723 0.46120689655172414 
0.3067226890756303 0.46120689655172414 
0.3403361344537815 0.46120689655172414 
0.7058823529411765 0.46120689655172414 
0.10504201680672269 0.46551724137931033 
0.25630252100840334 0.46551724137931033 
0.3403361344537815 0.46551724137931033 
0.42857142857142855 0.46551724137931033 
0.5252100840336135 0.46551724137931033 
0.5294117647058824 0.46551724137931033 
0.5504201680672269 0.46551724137931033 
0.819327731092437 0.46551724137931033 
0.15126050420168066 0.4698275862068966 
0.23949579831932774 0.4698275862068966 
0.2689075630252101 0.4698275862068966 
0.31092436974789917 0.4698275862068966 
0.3235294117647059 0.4698275862068966 
0.3403361344537815 0.4698275862068966 
0.3487394957983193 0.4698275862068966 
0.3697478991596639 0.4698275862068966 
0.47058823529411764 0.4698275862068966 
0.5588235294117647 0.4698275862068966 
0.13445378151260504 0.47413793103448276 
0.17647058823529413 0.47413793103448276 
0.19747899159663865 0.47413793103448276 
0.20588235294117646 0.47413793103448276 
0.21428571428571427 0.47413793103448276 
0.24789915966386555 0.47413793103448276 
0.25210084033613445 0.47413793103448276 
0.3025210084033613 0.47413793103448276 
0.3277310924369748 0.47413793103448276 
0.33613445378151263 0.47413793103448276 
0.36134453781512604 0.47413793103448276 
0.4117647058823529 0.47413793103448276 
0.08403361344537816 0.47844827586206895 
0.21428571428571427 0.47844827586206895 
0.23529411764705882 0.47844827586206895 
0.24789915966386555 0.47844827586206895 
0.27310924369747897 0.47844827586206895 
0.2773109243697479 0.47844827586206895 
0.2857142857142857 0.47844827586206895 
0.3067226890756303 0.47844827586206895 
0.5336134453781513 0.47844827586206895 
0.5378151260504201 0.47844827586206895 
0.5588235294117647 0.47844827586206895 
0.5966386554621849 0.47844827586206895 
0.6134453781512605 0.47844827586206895 
0.6386554621848739 0.47844827586206895 
0.226890756302521 0.4827586206896552 
0.24789915966386555 0.4827586206896552 
0.2647058823529412 0.4827586206896552 
0.27310924369747897 0.4827586206896552 
0.2773109243697479 0.4827586206896552 
0.2815126050420168 0.4827586206896552 
0.2857142857142857 0.4827586206896552 
0.29831932773109243 0.4827586206896552 
0.3025210084033613 0.4827586206896552 
0.31512605042016806 0.4827586206896552 
0.5210084033613446 0.4827586206896552 
0.5966386554621849 0.4827586206896552 
0.6428571428571429 0.4827586206896552 
0.07983193277310924 0.4870689655172414 
0.21008403361344538 0.4870689655172414 
0.2184873949579832 0.4870689655172414 
0.25210084033613445 0.4870689655172414 
0.2647058823529412 0.4870689655172414 
0.31092436974789917 0.4870689655172414 
0.31512605042016806 0.4870689655172414 
0.41596638655462187 0.4870689655172414 
0.5252100840336135 0.4870689655172414 
0.634453781512605 0.4870689655172414 
0.726890756302521 0.4870689655172414 
0.18487394957983194 0.49137931034482757 
0.20588235294117646 0.49137931034482757 
0.23529411764705882 0.49137931034482757 
0.24789915966386555 0.49137931034482757 
0.2605042016806723 0.49137931034482757 
0.3907563025210084 0.49137931034482757 
0.6890756302521008 0.49137931034482757 
0.7016806722689075 0.49137931034482757 
0.15966386554621848 0.4956896551724138 
0.18907563025210083 0.4956896551724138 
0.22268907563025211 0.4956896551724138 
0.226890756302521 0.4956896551724138 
0.23109243697478993 0.4956896551724138 
0.23949579831932774 0.4956896551724138 
0.25210084033613445 0.4956896551724138 
0.25630252100840334 0.4956896551724138 
0.592436974789916 0.4956896551724138 
0.6638655462184874 0.4956896551724138 
0.16806722689075632 0.5 
0.18907563025210083 0.5 
0.23529411764705882 0.5 
0.23949579831932774 0.5 
0.25210084033613445 0.5 
0.2857142857142857 0.5 
0.31512605042016806 0.5 
0.3697478991596639 0.5 
0.40336134453781514 0.5 
0.4495798319327731 0.5 
0.5336134453781513 0.5 
0.5546218487394958 0.5 
0.6512605042016807 0.5 
0.14705882352941177 0.5043103448275862 
0.18067226890756302 0.5043103448275862 
0.23949579831932774 0.5043103448275862 
0.24369747899159663 0.5043103448275862 
0.29411764705882354 0.5043103448275862 
0.29831932773109243 0.5043103448275862 
0.3025210084033613 0.5043103448275862 
0.33613445378151263 0.5043103448275862 
0.35294117647058826 0.5043103448275862 
0.35714285714285715 0.5043103448275862 
0.3949579831932773 0.5043103448275862 
0.41596638655462187 0.5043103448275862 
0.5252100840336135 0.5043103448275862 
0.09663865546218488 0.5086206896551724 
0.15126050420168066 0.5086206896551724 
0.20588235294117646 0.5086206896551724 
0.24789915966386555 0.5086206896551724 
0.2647058823529412 0.5086206896551724 
0.2689075630252101 0.5086206896551724 
0.27310924369747897 0.5086206896551724 
0.29831932773109243 0.5086206896551724 
0.31512605042016806 0.5086206896551724 
0.35294117647058826 0.5086206896551724 
0.3697478991596639 0.5086206896551724 
0.17647058823529413 0.5129310344827587 
0.19747899159663865 0.5129310344827587 
0.226890756302521 0.5129310344827587 
0.23529411764705882 0.5129310344827587 
0.2647058823529412 0.5129310344827587 
0.35294117647058826 0.5129310344827587 
0.35714285714285715 0.5129310344827587 
0.44537815126050423 0.5129310344827587 
0.6638655462184874 0.5129310344827587 
0.12605042016806722 0.5172413793103449 
0.19327731092436976 0.5172413793103449 
0.19747899159663865 0.5172413793103449 
0.23949579831932774 0.5172413793103449 
0.24789915966386555 0.5172413793103449 
0.25210084033613445 0.5172413793103449 
0.2815126050420168 0.5172413793103449 
0.3025210084033613 0.5172413793103449 
0.3445378151260504 0.5172413793103449 
0.40756302521008403 0.5172413793103449 
0.6008403361344538 0.5172413793103449 
0.6596638655462185 0.5172413793103449 
0.09663865546218488 0.521551724137931 
0.10504201680672269 0.521551724137931 
0.21008403361344538 0.521551724137931 
0.21428571428571427 0.521551724137931 
0.2184873949579832 0.521551724137931 
0.226890756302521 0.521551724137931 
0.2689075630252101 0.521551724137931 
0.31092436974789917 0.521551724137931 
0.31512605042016806 0.521551724137931 
0.3235294117647059 0.521551724137931 
0.33613445378151263 0.521551724137931 
0.3697478991596639 0.521551724137931 
0.3949579831932773 0.521551724137931 
0.4579831932773109 0.521551724137931 
0.6092436974789915 0.521551724137931 
0.6428571428571429 0.521551724137931 
0.10084033613445378 0.5258620689655172 
0.16806722689075632 0.5258620689655172 
0.27310924369747897 0.5258620689655172 
0.2773109243697479 0.5258620689655172 
0.2815126050420168 0.5258620689655172 
0.35714285714285715 0.5258620689655172 
0.36554621848739494 0.5258620689655172 
0.6092436974789915 0.5258620689655172 
0.7605042016806722 0.5258620689655172 
0.23109243697478993 0.5301724137931034 
0.23529411764705882 0.5301724137931034 
0.2773109243697479 0.5301724137931034 
0.29411764705882354 0.5301724137931034 
0.3025210084033613 0.5301724137931034 
0.3067226890756303 0.5301724137931034 
0.31512605042016806 0.5301724137931034 
0.3445378151260504 0.5301724137931034 
0.3487394957983193 0.5301724137931034 
0.18907563025210083 0.5344827586206896 
0.20168067226890757 0.5344827586206896 
0.27310924369747897 0.5344827586206896 
0.2815126050420168 0.5344827586206896 
0.3067226890756303 0.5344827586206896 
0.31932773109243695 0.5344827586206896 
0.33613445378151263 0.5344827586206896 
0.35714285714285715 0.5344827586206896 
0.773109243697479 0.5344827586206896 
0.14705882352941177 0.5387931034482759 
0.18067226890756302 0.5387931034482759 
0.2647058823529412 0.5387931034482759 
0.27310924369747897 0.5387931034482759 
0.2815126050420168 0.5387931034482759 
0.29411764705882354 0.5387931034482759 
0.3067226890756303 0.5387931034482759 
0.6302521008403361 0.5387931034482759 
0.6932773109243697 0.5387931034482759 
0.7983193277310925 0.5387931034482759 
0.8403361344537815 0.5387931034482759 
0.14705882352941177 0.5431034482758621 
0.19747899159663865 0.5431034482758621 
0.20168067226890757 0.5431034482758621 
0.226890756302521 0.5431034482758621 
0.23109243697478993 0.5431034482758621 
0.23949579831932774 0.5431034482758621 
0.24369747899159663 0.5431034482758621 
0.2689075630252101 0.5431034482758621 
0.28991596638655465 0.5431034482758621 
0.3235294117647059 0.5431034482758621 
0.3319327731092437 0.5431034482758621 
0.35294117647058826 0.5431034482758621 
0.37815126050420167 0.5431034482758621 
0.14285714285714285 0.5474137931034483 
0.14705882352941177 0.5474137931034483 
0.2773109243697479 0.5474137931034483 
0.28991596638655465 0.5474137931034483 
0.31092436974789917 0.5474137931034483 
0.31512605042016806 0.5474137931034483 
0.3487394957983193 0.5474137931034483 
0.5798319327731093 0.5474137931034483 
0.6596638655462185 0.5474137931034483 
0.1638655462184874 0.5517241379310345 
0.1722689075630252 0.5517241379310345 
0.18907563025210083 0.5517241379310345 
0.23529411764705882 0.5517241379310345 
0.25210084033613445 0.5517241379310345 
0.25630252100840334 0.5517241379310345 
0.2689075630252101 0.5517241379310345 
0.3025210084033613 0.5517241379310345 
0.31092436974789917 0.5517241379310345 
0.3235294117647059 0.5517241379310345 
0.3403361344537815 0.5517241379310345 
0.40336134453781514 0.5517241379310345 
0.4327731092436975 0.5517241379310345 
0.47058823529411764 0.5517241379310345 
0.680672268907563 0.5517241379310345 
0.7226890756302521 0.5517241379310345 
0.14285714285714285 0.5560344827586207 
0.19327731092436976 0.5560344827586207 
0.2605042016806723 0.5560344827586207 
0.2689075630252101 0.5560344827586207 
0.3319327731092437 0.5560344827586207 
0.3403361344537815 0.5560344827586207 
0.40756302521008403 0.5560344827586207 
0.6638655462184874 0.5560344827586207 
0.7478991596638656 0.5560344827586207 
0.20168067226890757 0.5603448275862069 
0.24369747899159663 0.5603448275862069 
0.25210084033613445 0.5603448275862069 
0.2689075630252101 0.5603448275862069 
0.31512605042016806 0.5603448275862069 
0.33613445378151263 0.5603448275862069 
0.4117647058823529 0.5603448275862069 
0.5840336134453782 0.5603448275862069 
0.6134453781512605 0.5603448275862069 
0.8613445378151261 0.5603448275862069 
0.15966386554621848 0.5646551724137931 
0.23949579831932774 0.5646551724137931 
0.24369747899159663 0.5646551724137931 
0.25630252100840334 0.5646551724137931 
0.29411764705882354 0.5646551724137931 
0.3067226890756303 0.5646551724137931 
0.31092436974789917 0.5646551724137931 
0.3403361344537815 0.5646551724137931 
0.35714285714285715 0.5646551724137931 
0.36134453781512604 0.5646551724137931 
0.40336134453781514 0.5646551724137931 
0.42857142857142855 0.5646551724137931 
0.6260504201680672 0.5646551724137931 
0.12184873949579832 0.5689655172413793 
0.13025210084033614 0.5689655172413793 
0.20588235294117646 0.5689655172413793 
0.226890756302521 0.5689655172413793 
0.25210084033613445 0.5689655172413793 
0.2689075630252101 0.5689655172413793 
0.2857142857142857 0.5689655172413793 
0.28991596638655465 0.5689655172413793 
0.3277310924369748 0.5689655172413793 
0.3319327731092437 0.5689655172413793 
0.42857142857142855 0.5689655172413793 
0.4495798319327731 0.5689655172413793 
0.5672268907563025 0.5689655172413793 
0.5882352941176471 0.5689655172413793 
0.6134453781512605 0.5689655172413793 
0.6722689075630253 0.5689655172413793 
0.7226890756302521 0.5689655172413793 
0.9453781512605042 0.5689655172413793 
0.15546218487394958 0.5732758620689655 
0.19747899159663865 0.5732758620689655 
0.21008403361344538 0.5732758620689655 
0.23949579831932774 0.5732758620689655 
0.24369747899159663 0.5732758620689655 
0.24789915966386555 0.5732758620689655 
0.25210084033613445 0.5732758620689655 
0.2689075630252101 0.5732758620689655 
0.29831932773109243 0.5732758620689655 
0.3067226890756303 0.5732758620689655 
0.31512605042016806 0.5732758620689655 
0.3319327731092437 0.5732758620689655 
0.39915966386554624 0.5732758620689655 
0.5252100840336135 0.5732758620689655 
0.5798319327731093 0.5732758620689655 
0.592436974789916 0.5732758620689655 
0.6050420168067226 0.5732758620689655 
0.726890756302521 0.5732758620689655 
0.8403361344537815 0.5732758620689655 
0.21008403361344538 0.5775862068965517 
0.21428571428571427 0.5775862068965517 
0.2647058823529412 0.5775862068965517 
0.29831932773109243 0.5775862068965517 
0.3025210084033613 0.5775862068965517 
0.3067226890756303 0.5775862068965517 
0.31512605042016806 0.5775862068965517 
0.3445378151260504 0.5775862068965517 
0.4579831932773109 0.5775862068965517 
0.8235294117647058 0.5775862068965517 
0.11764705882352941 0.5818965517241379 
0.13025210084033614 0.5818965517241379 
0.15966386554621848 0.5818965517241379 
0.18907563025210083 0.5818965517241379 
0.20168067226890757 0.5818965517241379 
0.23109243697478993 0.5818965517241379 
0.23949579831932774 0.5818965517241379 
0.25630252100840334 0.5818965517241379 
0.29411764705882354 0.5818965517241379 
0.3487394957983193 0.5818965517241379 
0.36554621848739494 0.5818965517241379 
0.3949579831932773 0.5818965517241379 
0.5798319327731093 0.5818965517241379 
0.5840336134453782 0.5818965517241379 
0.6176470588235294 0.5818965517241379 
0.6218487394957983 0.5818965517241379 
0.634453781512605 0.5818965517241379 
0.6554621848739496 0.5818965517241379 
0.6890756302521008 0.5818965517241379 
0.7016806722689075 0.5818965517241379 
0.14705882352941177 0.5862068965517241 
0.1638655462184874 0.5862068965517241 
0.25210084033613445 0.5862068965517241 
0.31092436974789917 0.5862068965517241 
0.36554621848739494 0.5862068965517241 
0.3949579831932773 0.5862068965517241 
0.44537815126050423 0.5862068965517241 
0.47478991596638653 0.5862068965517241 
0.5840336134453782 0.5862068965517241 
0.6554621848739496 0.5862068965517241 
0.7563025210084033 0.5862068965517241 
0.8781512605042017 0.5862068965517241 
0.0 0.5905172413793104 
0.15546218487394958 0.5905172413793104 
0.17647058823529413 0.5905172413793104 
0.18907563025210083 0.5905172413793104 
0.20168067226890757 0.5905172413793104 
0.22268907563025211 0.5905172413793104 
0.25210084033613445 0.5905172413793104 
0.25630252100840334 0.5905172413793104 
0.2605042016806723 0.5905172413793104 
0.28991596638655465 0.5905172413793104 
0.3025210084033613 0.5905172413793104 
0.31512605042016806 0.5905172413793104 
0.33613445378151263 0.5905172413793104 
0.3487394957983193 0.5905172413793104 
0.3865546218487395 0.5905172413793104 
0.5588235294117647 0.5905172413793104 
0.5714285714285714 0.5905172413793104 
0.5756302521008403 0.5905172413793104 
0.5966386554621849 0.5905172413793104 
0.6092436974789915 0.5905172413793104 
0.6428571428571429 0.5905172413793104 
0.7184873949579832 0.5905172413793104 
0.819327731092437 0.5905172413793104 
0.11764705882352941 0.5948275862068966 
0.16806722689075632 0.5948275862068966 
0.20168067226890757 0.5948275862068966 
0.20588235294117646 0.5948275862068966 
0.2184873949579832 0.5948275862068966 
0.24369747899159663 0.5948275862068966 
0.2605042016806723 0.5948275862068966 
0.27310924369747897 0.5948275862068966 
0.3445378151260504 0.5948275862068966 
0.35294117647058826 0.5948275862068966 
0.865546218487395 0.5948275862068966 
1.0 0.5948275862068966 
0.046218487394957986 0.5991379310344828 
0.13445378151260504 0.5991379310344828 
0.1638655462184874 0.5991379310344828 
0.19747899159663865 0.5991379310344828 
0.20168067226890757 0.5991379310344828 
0.2184873949579832 0.5991379310344828 
0.28991596638655465 0.5991379310344828 
0.29411764705882354 0.5991379310344828 
0.31932773109243695 0.5991379310344828 
0.3235294117647059 0.5991379310344828 
0.3277310924369748 0.5991379310344828 
0.3739495798319328 0.5991379310344828 
0.5630252100840336 0.5991379310344828 
0.5756302521008403 0.5991379310344828 
0.5798319327731093 0.5991379310344828 
0.592436974789916 0.5991379310344828 
0.5966386554621849 0.5991379310344828 
0.6428571428571429 0.5991379310344828 
0.6554621848739496 0.5991379310344828 
0.680672268907563 0.5991379310344828 
0.7184873949579832 0.5991379310344828 
0.7310924369747899 0.5991379310344828 
0.7394957983193278 0.5991379310344828 
0.8067226890756303 0.5991379310344828 
0.9159663865546218 0.5991379310344828 
0.13445378151260504 0.603448275862069 
0.24789915966386555 0.603448275862069 
0.25630252100840334 0.603448275862069 
0.2689075630252101 0.603448275862069 
0.29831932773109243 0.603448275862069 
0.31512605042016806 0.603448275862069 
0.3445378151260504 0.603448275862069 
0.40756302521008403 0.603448275862069 
0.42436974789915966 0.603448275862069 
0.6008403361344538 0.603448275862069 
0.6050420168067226 0.603448275862069 
0.6302521008403361 0.603448275862069 
0.680672268907563 0.603448275862069 
0.8025210084033614 0.603448275862069 
0.819327731092437 0.603448275862069 
0.19327731092436976 0.6077586206896551 
0.21008403361344538 0.6077586206896551 
0.2184873949579832 0.6077586206896551 
0.24369747899159663 0.6077586206896551 
0.3025210084033613 0.6077586206896551 
0.31092436974789917 0.6077586206896551 
0.3403361344537815 0.6077586206896551 
0.40756302521008403 0.6077586206896551 
0.4117647058823529 0.6077586206896551 
0.5672268907563025 0.6077586206896551 
0.5840336134453782 0.6077586206896551 
0.6050420168067226 0.6077586206896551 
0.6680672268907563 0.6077586206896551 
0.7184873949579832 0.6077586206896551 
0.8445378151260504 0.6077586206896551 
0.8487394957983193 0.6077586206896551 
0.8823529411764706 0.6077586206896551 
0.9033613445378151 0.6077586206896551 
0.15126050420168066 0.6120689655172413 
0.226890756302521 0.6120689655172413 
0.23949579831932774 0.6120689655172413 
0.2647058823529412 0.6120689655172413 
0.3067226890756303 0.6120689655172413 
0.33613445378151263 0.6120689655172413 
0.38235294117647056 0.6120689655172413 
0.3907563025210084 0.6120689655172413 
0.5588235294117647 0.6120689655172413 
0.5630252100840336 0.6120689655172413 
0.5966386554621849 0.6120689655172413 
0.6176470588235294 0.6120689655172413 
0.6218487394957983 0.6120689655172413 
0.6512605042016807 0.6120689655172413 
0.6848739495798319 0.6120689655172413 
0.6974789915966386 0.6120689655172413 
0.7521008403361344 0.6120689655172413 
0.7605042016806722 0.6120689655172413 
0.7815126050420168 0.6120689655172413 
0.13865546218487396 0.6163793103448276 
0.16806722689075632 0.6163793103448276 
0.19747899159663865 0.6163793103448276 
0.21428571428571427 0.6163793103448276 
0.23949579831932774 0.6163793103448276 
0.25630252100840334 0.6163793103448276 
0.2605042016806723 0.6163793103448276 
0.2689075630252101 0.6163793103448276 
0.2815126050420168 0.6163793103448276 
0.28991596638655465 0.6163793103448276 
0.3319327731092437 0.6163793103448276 
0.36134453781512604 0.6163793103448276 
0.37815126050420167 0.6163793103448276 
0.42016806722689076 0.6163793103448276 
0.5630252100840336 0.6163793103448276 
0.5756302521008403 0.6163793103448276 
0.6050420168067226 0.6163793103448276 
0.6092436974789915 0.6163793103448276 
0.6218487394957983 0.6163793103448276 
0.6596638655462185 0.6163793103448276 
0.7226890756302521 0.6163793103448276 
0.7647058823529411 0.6163793103448276 
0.7857142857142857 0.6163793103448276 
0.19327731092436976 0.6206896551724138 
0.21008403361344538 0.6206896551724138 
0.2184873949579832 0.6206896551724138 
0.226890756302521 0.6206896551724138 
0.23529411764705882 0.6206896551724138 
0.25210084033613445 0.6206896551724138 
0.3067226890756303 0.6206896551724138 
0.3403361344537815 0.6206896551724138 
0.36554621848739494 0.6206896551724138 
0.40336134453781514 0.6206896551724138 
0.40756302521008403 0.6206896551724138 
0.5210084033613446 0.6206896551724138 
0.5378151260504201 0.6206896551724138 
0.5882352941176471 0.6206896551724138 
0.6008403361344538 0.6206896551724138 
0.6134453781512605 0.6206896551724138 
0.6260504201680672 0.6206896551724138 
0.6302521008403361 0.6206896551724138 
0.6428571428571429 0.6206896551724138 
0.6470588235294118 0.6206896551724138 
0.6596638655462185 0.6206896551724138 
0.6722689075630253 0.6206896551724138 
0.8109243697478992 0.6206896551724138 
0.16806722689075632 0.625 
0.18907563025210083 0.625 
0.19747899159663865 0.625 
0.20168067226890757 0.625 
0.226890756302521 0.625 
0.25210084033613445 0.625 
0.25630252100840334 0.625 
0.2647058823529412 0.625 
0.2689075630252101 0.625 
0.29411764705882354 0.625 
0.3025210084033613 0.625 
0.5588235294117647 0.625 
0.592436974789916 0.625 
0.6134453781512605 0.625 
0.6260504201680672 0.625 
0.6470588235294118 0.625 
0.6512605042016807 0.625 
0.6554621848739496 0.625 
0.7310924369747899 0.625 
0.24369747899159663 0.6293103448275862 
0.25210084033613445 0.6293103448275862 
0.2605042016806723 0.6293103448275862 
0.33613445378151263 0.6293103448275862 
0.5462184873949579 0.6293103448275862 
0.5756302521008403 0.6293103448275862 
0.6050420168067226 0.6293103448275862 
0.6092436974789915 0.6293103448275862 
0.6218487394957983 0.6293103448275862 
0.6260504201680672 0.6293103448275862 
0.634453781512605 0.6293103448275862 
0.6890756302521008 0.6293103448275862 
0.226890756302521 0.6336206896551724 
0.25630252100840334 0.6336206896551724 
0.27310924369747897 0.6336206896551724 
0.28991596638655465 0.6336206896551724 
0.31932773109243695 0.6336206896551724 
0.42436974789915966 0.6336206896551724 
0.5462184873949579 0.6336206896551724 
0.5756302521008403 0.6336206896551724 
0.5882352941176471 0.6336206896551724 
0.5966386554621849 0.6336206896551724 
0.6176470588235294 0.6336206896551724 
0.634453781512605 0.6336206896551724 
0.6512605042016807 0.6336206896551724 
0.7310924369747899 0.6336206896551724 
0.7521008403361344 0.6336206896551724 
0.7815126050420168 0.6336206896551724 
0.8109243697478992 0.6336206896551724 
0.8823529411764706 0.6336206896551724 
0.8991596638655462 0.6336206896551724 
0.18907563025210083 0.6379310344827587 
0.2184873949579832 0.6379310344827587 
0.23109243697478993 0.6379310344827587 
0.27310924369747897 0.6379310344827587 
0.2773109243697479 0.6379310344827587 
0.6008403361344538 0.6379310344827587 
0.6050420168067226 0.6379310344827587 
0.6092436974789915 0.6379310344827587 
0.6302521008403361 0.6379310344827587 
0.6428571428571429 0.6379310344827587 
0.7184873949579832 0.6379310344827587 
0.7436974789915967 0.6379310344827587 
0.7815126050420168 0.6379310344827587 
0.17647058823529413 0.6422413793103449 
0.23949579831932774 0.6422413793103449 
0.25210084033613445 0.6422413793103449 
0.25630252100840334 0.6422413793103449 
0.2689075630252101 0.6422413793103449 
0.4327731092436975 0.6422413793103449 
0.5756302521008403 0.6422413793103449 
0.592436974789916 0.6422413793103449 
0.5966386554621849 0.6422413793103449 
0.6218487394957983 0.6422413793103449 
0.6260504201680672 0.6422413793103449 
0.6302521008403361 0.6422413793103449 
0.6512605042016807 0.6422413793103449 
0.7689075630252101 0.6422413793103449 
0.8403361344537815 0.6422413793103449 
0.8739495798319328 0.6422413793103449 
0.17647058823529413 0.646551724137931 
0.21008403361344538 0.646551724137931 
0.22268907563025211 0.646551724137931 
0.2857142857142857 0.646551724137931 
0.3403361344537815 0.646551724137931 
0.5336134453781513 0.646551724137931 
0.5378151260504201 0.646551724137931 
0.5882352941176471 0.646551724137931 
0.592436974789916 0.646551724137931 
0.6092436974789915 0.646551724137931 
0.6176470588235294 0.646551724137931 
0.6386554621848739 0.646551724137931 
0.6428571428571429 0.646551724137931 
0.6890756302521008 0.646551724137931 
0.7100840336134454 0.646551724137931 
0.21428571428571427 0.6508620689655172 
0.24369747899159663 0.6508620689655172 
0.2605042016806723 0.6508620689655172 
0.2647058823529412 0.6508620689655172 
0.2773109243697479 0.6508620689655172 
0.2815126050420168 0.6508620689655172 
0.28991596638655465 0.6508620689655172 
0.4495798319327731 0.6508620689655172 
0.5546218487394958 0.6508620689655172 
0.5756302521008403 0.6508620689655172 
0.5882352941176471 0.6508620689655172 
0.6008403361344538 0.6508620689655172 
0.6260504201680672 0.6508620689655172 
0.6554621848739496 0.6508620689655172 
0.6722689075630253 0.6508620689655172 
0.7773109243697479 0.6508620689655172 
0.07983193277310924 0.6551724137931034 
0.15126050420168066 0.6551724137931034 
0.1722689075630252 0.6551724137931034 
0.21428571428571427 0.6551724137931034 
0.25210084033613445 0.6551724137931034 
0.2815126050420168 0.6551724137931034 
0.29831932773109243 0.6551724137931034 
0.3949579831932773 0.6551724137931034 
0.5546218487394958 0.6551724137931034 
0.5840336134453782 0.6551724137931034 
0.6008403361344538 0.6551724137931034 
0.6176470588235294 0.6551724137931034 
0.6260504201680672 0.6551724137931034 
0.6302521008403361 0.6551724137931034 
0.6428571428571429 0.6551724137931034 
0.6470588235294118 0.6551724137931034 
0.6554621848739496 0.6551724137931034 
0.6722689075630253 0.6551724137931034 
0.6974789915966386 0.6551724137931034 
0.7058823529411765 0.6551724137931034 
0.7184873949579832 0.6551724137931034 
0.773109243697479 0.6551724137931034 
0.7899159663865546 0.6551724137931034 
0.7941176470588235 0.6551724137931034 
0.8025210084033614 0.6551724137931034 
0.8109243697478992 0.6551724137931034 
0.8277310924369747 0.6551724137931034 
0.8571428571428571 0.6551724137931034 
0.9369747899159664 0.6551724137931034 
0.226890756302521 0.6594827586206896 
0.23109243697478993 0.6594827586206896 
0.2857142857142857 0.6594827586206896 
0.3319327731092437 0.6594827586206896 
0.3445378151260504 0.6594827586206896 
0.5336134453781513 0.6594827586206896 
0.5714285714285714 0.6594827586206896 
0.6680672268907563 0.6594827586206896 
0.7226890756302521 0.6594827586206896 
0.7521008403361344 0.6594827586206896 
0.773109243697479 0.6594827586206896 
0.7899159663865546 0.6594827586206896 
0.7941176470588235 0.6594827586206896 
0.8025210084033614 0.6594827586206896 
0.8277310924369747 0.6594827586206896 
0.8487394957983193 0.6594827586206896 
0.865546218487395 0.6594827586206896 
0.18487394957983194 0.6637931034482759 
0.19747899159663865 0.6637931034482759 
0.25630252100840334 0.6637931034482759 
0.2815126050420168 0.6637931034482759 
0.3865546218487395 0.6637931034482759 
0.542016806722689 0.6637931034482759 
0.6092436974789915 0.6637931034482759 
0.6302521008403361 0.6637931034482759 
0.6470588235294118 0.6637931034482759 
0.7142857142857143 0.6637931034482759 
0.7521008403361344 0.6637931034482759 
0.865546218487395 0.6637931034482759 
0.3025210084033613 0.6681034482758621 
0.3277310924369748 0.6681034482758621 
0.3319327731092437 0.6681034482758621 
0.35714285714285715 0.6681034482758621 
0.5588235294117647 0.6681034482758621 
0.5882352941176471 0.6681034482758621 
0.592436974789916 0.6681034482758621 
0.6008403361344538 0.6681034482758621 
0.6092436974789915 0.6681034482758621 
0.6260504201680672 0.6681034482758621 
0.6386554621848739 0.6681034482758621 
0.6428571428571429 0.6681034482758621 
0.6638655462184874 0.6681034482758621 
0.726890756302521 0.6681034482758621 
0.7563025210084033 0.6681034482758621 
0.8403361344537815 0.6681034482758621 
0.8529411764705882 0.6681034482758621 
0.9747899159663865 0.6681034482758621 
0.23109243697478993 0.6724137931034483 
0.27310924369747897 0.6724137931034483 
0.5672268907563025 0.6724137931034483 
0.5756302521008403 0.6724137931034483 
0.5840336134453782 0.6724137931034483 
0.6050420168067226 0.6724137931034483 
0.6092436974789915 0.6724137931034483 
0.6260504201680672 0.6724137931034483 
0.6554621848739496 0.6724137931034483 
0.6764705882352942 0.6724137931034483 
0.7058823529411765 0.6724137931034483 
0.7100840336134454 0.6724137931034483 
0.726890756302521 0.6724137931034483 
0.7478991596638656 0.6724137931034483 
0.7773109243697479 0.6724137931034483 
0.18907563025210083 0.6767241379310345 
0.2689075630252101 0.6767241379310345 
0.29411764705882354 0.6767241379310345 
0.31512605042016806 0.6767241379310345 
0.4117647058823529 0.6767241379310345 
0.5966386554621849 0.6767241379310345 
0.6008403361344538 0.6767241379310345 
0.6092436974789915 0.6767241379310345 
0.6176470588235294 0.6767241379310345 
0.6428571428571429 0.6767241379310345 
0.6974789915966386 0.6767241379310345 
0.7478991596638656 0.6767241379310345 
0.7647058823529411 0.6767241379310345 
0.8109243697478992 0.6767241379310345 
0.8445378151260504 0.6767241379310345 
0.13445378151260504 0.6810344827586207 
0.23109243697478993 0.6810344827586207 
0.23529411764705882 0.6810344827586207 
0.25630252100840334 0.6810344827586207 
0.5630252100840336 0.6810344827586207 
0.5672268907563025 0.6810344827586207 
0.592436974789916 0.6810344827586207 
0.6092436974789915 0.6810344827586207 
0.7605042016806722 0.6810344827586207 
0.8445378151260504 0.6810344827586207 
0.17647058823529413 0.6853448275862069 
0.2647058823529412 0.6853448275862069 
0.35714285714285715 0.6853448275862069 
0.5966386554621849 0.6853448275862069 
0.6050420168067226 0.6853448275862069 
0.6176470588235294 0.6853448275862069 
0.6554621848739496 0.6853448275862069 
0.6974789915966386 0.6853448275862069 
0.7436974789915967 0.6853448275862069 
0.773109243697479 0.6853448275862069 
0.8151260504201681 0.6853448275862069 
0.8277310924369747 0.6853448275862069 
0.8445378151260504 0.6853448275862069 
0.8529411764705882 0.6853448275862069 
0.8739495798319328 0.6853448275862069 
0.5882352941176471 0.6896551724137931 
0.6008403361344538 0.6896551724137931 
0.6218487394957983 0.6896551724137931 
0.6386554621848739 0.6896551724137931 
0.6470588235294118 0.6896551724137931 
0.680672268907563 0.6896551724137931 
0.7016806722689075 0.6896551724137931 
0.7100840336134454 0.6896551724137931 
0.7184873949579832 0.6896551724137931 
0.7521008403361344 0.6896551724137931 
0.7563025210084033 0.6896551724137931 
0.8067226890756303 0.6896551724137931 
0.8319327731092437 0.6896551724137931 
0.8403361344537815 0.6896551724137931 
0.865546218487395 0.6896551724137931 
0.9159663865546218 0.6896551724137931 
0.23949579831932774 0.6939655172413793 
0.24369747899159663 0.6939655172413793 
0.2647058823529412 0.6939655172413793 
0.3025210084033613 0.6939655172413793 
0.31932773109243695 0.6939655172413793 
0.3445378151260504 0.6939655172413793 
0.5672268907563025 0.6939655172413793 
0.5882352941176471 0.6939655172413793 
0.6008403361344538 0.6939655172413793 
0.7184873949579832 0.6939655172413793 
0.7394957983193278 0.6939655172413793 
0.7521008403361344 0.6939655172413793 
0.7773109243697479 0.6939655172413793 
0.7815126050420168 0.6939655172413793 
0.7899159663865546 0.6939655172413793 
0.8109243697478992 0.6939655172413793 
0.226890756302521 0.6982758620689655 
0.3025210084033613 0.6982758620689655 
0.3487394957983193 0.6982758620689655 
0.5882352941176471 0.6982758620689655 
0.680672268907563 0.6982758620689655 
0.7310924369747899 0.6982758620689655 
0.7521008403361344 0.6982758620689655 
0.7689075630252101 0.6982758620689655 
0.7773109243697479 0.6982758620689655 
0.7815126050420168 0.6982758620689655 
0.7857142857142857 0.6982758620689655 
0.7899159663865546 0.6982758620689655 
0.8025210084033614 0.6982758620689655 
0.8067226890756303 0.6982758620689655 
0.819327731092437 0.6982758620689655 
0.23109243697478993 0.7025862068965517 
0.3403361344537815 0.7025862068965517 
0.4327731092436975 0.7025862068965517 
0.5840336134453782 0.7025862068965517 
0.5882352941176471 0.7025862068965517 
0.6050420168067226 0.7025862068965517 
0.7142857142857143 0.7025862068965517 
0.7226890756302521 0.7025862068965517 
0.7563025210084033 0.7025862068965517 
0.7689075630252101 0.7025862068965517 
0.8151260504201681 0.7025862068965517 
0.819327731092437 0.7025862068965517 
0.9201680672268907 0.7025862068965517 
0.3949579831932773 0.7068965517241379 
0.40756302521008403 0.7068965517241379 
0.6260504201680672 0.7068965517241379 
0.634453781512605 0.7068965517241379 
0.6890756302521008 0.7068965517241379 
0.7100840336134454 0.7068965517241379 
0.7394957983193278 0.7068965517241379 
0.7521008403361344 0.7068965517241379 
0.7647058823529411 0.7068965517241379 
0.8949579831932774 0.7068965517241379 
0.29831932773109243 0.7112068965517241 
0.3697478991596639 0.7112068965517241 
0.3949579831932773 0.7112068965517241 
0.6428571428571429 0.7112068965517241 
0.6638655462184874 0.7112068965517241 
0.6932773109243697 0.7112068965517241 
0.726890756302521 0.7112068965517241 
0.7310924369747899 0.7112068965517241 
0.7352941176470589 0.7112068965517241 
0.7436974789915967 0.7112068965517241 
0.7563025210084033 0.7112068965517241 
0.7605042016806722 0.7112068965517241 
0.23949579831932774 0.7155172413793104 
0.2605042016806723 0.7155172413793104 
0.35714285714285715 0.7155172413793104 
0.6722689075630253 0.7155172413793104 
0.6932773109243697 0.7155172413793104 
0.7394957983193278 0.7155172413793104 
0.7436974789915967 0.7155172413793104 
0.7563025210084033 0.7155172413793104 
0.7899159663865546 0.7155172413793104 
0.819327731092437 0.7155172413793104 
0.8739495798319328 0.7155172413793104 
0.907563025210084 0.7155172413793104 
0.9537815126050421 0.7155172413793104 
0.23109243697478993 0.7198275862068966 
0.6512605042016807 0.7198275862068966 
0.6848739495798319 0.7198275862068966 
0.7436974789915967 0.7198275862068966 
0.7478991596638656 0.7198275862068966 
0.7983193277310925 0.7198275862068966 
0.8025210084033614 0.7198275862068966 
0.8067226890756303 0.7198275862068966 
0.8403361344537815 0.7198275862068966 
0.8571428571428571 0.7198275862068966 
0.8613445378151261 0.7198275862068966 
0.8991596638655462 0.7198275862068966 
0.9201680672268907 0.7198275862068966 
0.6008403361344538 0.7241379310344828 
0.6554621848739496 0.7241379310344828 
0.7100840336134454 0.7241379310344828 
0.7521008403361344 0.7241379310344828 
0.7689075630252101 0.7241379310344828 
0.773109243697479 0.7241379310344828 
0.7773109243697479 0.7241379310344828 
0.8025210084033614 0.7241379310344828 
0.819327731092437 0.7241379310344828 
0.8571428571428571 0.7241379310344828 
0.8739495798319328 0.7241379310344828 
0.3697478991596639 0.728448275862069 
0.680672268907563 0.728448275862069 
0.7016806722689075 0.728448275862069 
0.7310924369747899 0.728448275862069 
0.7394957983193278 0.728448275862069 
0.7689075630252101 0.728448275862069 
0.8571428571428571 0.728448275862069 
0.8613445378151261 0.728448275862069 
0.9495798319327731 0.728448275862069 
0.36554621848739494 0.7327586206896551 
0.6302521008403361 0.7327586206896551 
0.6974789915966386 0.7327586206896551 
0.7016806722689075 0.7327586206896551 
0.7436974789915967 0.7327586206896551 
0.7521008403361344 0.7327586206896551 
0.7563025210084033 0.7327586206896551 
0.7857142857142857 0.7327586206896551 
0.8067226890756303 0.7327586206896551 
0.8487394957983193 0.7327586206896551 
0.9117647058823529 0.7327586206896551 
0.6008403361344538 0.7370689655172413 
0.6092436974789915 0.7370689655172413 
0.6428571428571429 0.7370689655172413 
0.7142857142857143 0.7370689655172413 
0.7184873949579832 0.7370689655172413 
0.7226890756302521 0.7370689655172413 
0.7310924369747899 0.7370689655172413 
0.773109243697479 0.7370689655172413 
0.8151260504201681 0.7370689655172413 
0.819327731092437 0.7370689655172413 
0.8277310924369747 0.7370689655172413 
0.8403361344537815 0.7370689655172413 
0.8739495798319328 0.7370689655172413 
0.8991596638655462 0.7370689655172413 
0.9621848739495799 0.7370689655172413 
0.31512605042016806 0.7413793103448276 
0.6050420168067226 0.7413793103448276 
0.6722689075630253 0.7413793103448276 
0.7773109243697479 0.7413793103448276 
0.7815126050420168 0.7413793103448276 
0.7857142857142857 0.7413793103448276 
0.8613445378151261 0.7413793103448276 
0.8697478991596639 0.7413793103448276 
0.7352941176470589 0.7456896551724138 
0.7394957983193278 0.7456896551724138 
0.7815126050420168 0.7456896551724138 
0.7983193277310925 0.7456896551724138 
0.8067226890756303 0.7456896551724138 
0.8109243697478992 0.7456896551724138 
0.819327731092437 0.7456896551724138 
0.8487394957983193 0.7456896551724138 
0.8529411764705882 0.7456896551724138 
0.6932773109243697 0.75 
0.7058823529411765 0.75 
0.7773109243697479 0.75 
0.7857142857142857 0.75 
0.8109243697478992 0.75 
0.8235294117647058 0.75 
0.8403361344537815 0.75 
0.8613445378151261 0.75 
0.33613445378151263 0.7543103448275862 
0.6512605042016807 0.7543103448275862 
0.6848739495798319 0.7543103448275862 
0.6890756302521008 0.7543103448275862 
0.7689075630252101 0.7543103448275862 
0.7773109243697479 0.7543103448275862 
0.7857142857142857 0.7543103448275862 
0.7983193277310925 0.7543103448275862 
0.8109243697478992 0.7543103448275862 
0.6512605042016807 0.7586206896551724 
0.7016806722689075 0.7586206896551724 
0.7058823529411765 0.7586206896551724 
0.7310924369747899 0.7586206896551724 
0.7352941176470589 0.7586206896551724 
0.7436974789915967 0.7586206896551724 
0.7478991596638656 0.7586206896551724 
0.773109243697479 0.7586206896551724 
0.7941176470588235 0.7586206896551724 
0.8277310924369747 0.7586206896551724 
0.8361344537815126 0.7586206896551724 
0.8571428571428571 0.7586206896551724 
0.8823529411764706 0.7586206896551724 
0.6470588235294118 0.7629310344827587 
0.6512605042016807 0.7629310344827587 
0.7815126050420168 0.7629310344827587 
0.7941176470588235 0.7629310344827587 
0.8151260504201681 0.7629310344827587 
0.819327731092437 0.7629310344827587 
0.8529411764705882 0.7629310344827587 
0.6680672268907563 0.7672413793103449 
0.6764705882352942 0.7672413793103449 
0.6932773109243697 0.7672413793103449 
0.7394957983193278 0.7672413793103449 
0.7563025210084033 0.7672413793103449 
0.7605042016806722 0.7672413793103449 
0.773109243697479 0.7672413793103449 
0.8067226890756303 0.7672413793103449 
0.8151260504201681 0.7672413793103449 
0.8277310924369747 0.7672413793103449 
0.8445378151260504 0.7672413793103449 
0.907563025210084 0.7672413793103449 
0.9369747899159664 0.7672413793103449 
0.9747899159663865 0.7672413793103449 
0.6470588235294118 0.771551724137931 
0.6974789915966386 0.771551724137931 
0.7647058823529411 0.771551724137931 
0.773109243697479 0.771551724137931 
0.8361344537815126 0.771551724137931 
0.8445378151260504 0.771551724137931 
0.9117647058823529 0.771551724137931 
0.7058823529411765 0.7758620689655172 
0.7478991596638656 0.7758620689655172 
0.7563025210084033 0.7758620689655172 
0.773109243697479 0.7758620689655172 
0.819327731092437 0.7758620689655172 
0.8403361344537815 0.7758620689655172 
0.9159663865546218 0.7758620689655172 
0.6638655462184874 0.7801724137931034 
0.7436974789915967 0.7801724137931034 
0.7478991596638656 0.7801724137931034 
0.7605042016806722 0.7801724137931034 
0.7983193277310925 0.7801724137931034 
0.8109243697478992 0.7801724137931034 
0.8151260504201681 0.7801724137931034 
0.8445378151260504 0.7801724137931034 
0.8613445378151261 0.7801724137931034 
0.865546218487395 0.7801724137931034 
0.907563025210084 0.7801724137931034 
0.9327731092436975 0.7801724137931034 
0.42857142857142855 0.7844827586206896 
0.6260504201680672 0.7844827586206896 
0.634453781512605 0.7844827586206896 
0.7100840336134454 0.7844827586206896 
0.7310924369747899 0.7844827586206896 
0.7563025210084033 0.7844827586206896 
0.773109243697479 0.7844827586206896 
0.7899159663865546 0.7844827586206896 
0.7941176470588235 0.7844827586206896 
0.8319327731092437 0.7844827586206896 
0.8361344537815126 0.7844827586206896 
0.9327731092436975 0.7844827586206896 
0.9537815126050421 0.7844827586206896 
0.6596638655462185 0.7887931034482759 
0.7016806722689075 0.7887931034482759 
0.7142857142857143 0.7887931034482759 
0.7436974789915967 0.7887931034482759 
0.7478991596638656 0.7887931034482759 
0.7521008403361344 0.7887931034482759 
0.7563025210084033 0.7887931034482759 
0.773109243697479 0.7887931034482759 
0.8025210084033614 0.7887931034482759 
0.8109243697478992 0.7887931034482759 
0.819327731092437 0.7887931034482759 
0.8361344537815126 0.7887931034482759 
0.9033613445378151 0.7887931034482759 
0.7142857142857143 0.7931034482758621 
0.7184873949579832 0.7931034482758621 
0.7689075630252101 0.7931034482758621 
0.8025210084033614 0.7931034482758621 
0.8067226890756303 0.7931034482758621 
0.8109243697478992 0.7931034482758621 
0.819327731092437 0.7931034482758621 
0.8487394957983193 0.7931034482758621 
0.9621848739495799 0.7931034482758621 
0.6218487394957983 0.7974137931034483 
0.634453781512605 0.7974137931034483 
0.6638655462184874 0.7974137931034483 
0.6932773109243697 0.7974137931034483 
0.7058823529411765 0.7974137931034483 
0.7352941176470589 0.7974137931034483 
0.7436974789915967 0.7974137931034483 
0.7605042016806722 0.7974137931034483 
0.7983193277310925 0.7974137931034483 
0.8529411764705882 0.7974137931034483 
0.8697478991596639 0.7974137931034483 
0.8991596638655462 0.7974137931034483 
0.6512605042016807 0.8017241379310345 
0.6680672268907563 0.8017241379310345 
0.7563025210084033 0.8017241379310345 
0.8151260504201681 0.8017241379310345 
0.8697478991596639 0.8017241379310345 
0.8991596638655462 0.8017241379310345 
0.9495798319327731 0.8017241379310345 
0.9789915966386554 0.8017241379310345 
0.5042016806722689 0.8060344827586207 
0.6596638655462185 0.8060344827586207 
0.680672268907563 0.8060344827586207 
0.6932773109243697 0.8060344827586207 
0.7058823529411765 0.8060344827586207 
0.726890756302521 0.8060344827586207 
0.7563025210084033 0.8060344827586207 
0.7605042016806722 0.8060344827586207 
0.7647058823529411 0.8060344827586207 
0.7941176470588235 0.8060344827586207 
0.8067226890756303 0.8060344827586207 
0.819327731092437 0.8060344827586207 
0.8403361344537815 0.8060344827586207 
0.8529411764705882 0.8060344827586207 
0.8907563025210085 0.8060344827586207 
0.6218487394957983 0.8103448275862069 
0.6722689075630253 0.8103448275862069 
0.7058823529411765 0.8103448275862069 
0.7100840336134454 0.8103448275862069 
0.7226890756302521 0.8103448275862069 
0.7478991596638656 0.8103448275862069 
0.7647058823529411 0.8103448275862069 
0.7773109243697479 0.8103448275862069 
0.8487394957983193 0.8103448275862069 
0.8571428571428571 0.8103448275862069 
0.5504201680672269 0.8146551724137931 
0.6386554621848739 0.8146551724137931 
0.6680672268907563 0.8146551724137931 
0.7016806722689075 0.8146551724137931 
0.7058823529411765 0.8146551724137931 
0.7226890756302521 0.8146551724137931 
0.7941176470588235 0.8146551724137931 
0.7983193277310925 0.8146551724137931 
0.8235294117647058 0.8146551724137931 
0.8277310924369747 0.8146551724137931 
0.8319327731092437 0.8146551724137931 
0.8781512605042017 0.8146551724137931 
0.6386554621848739 0.8189655172413793 
0.7521008403361344 0.8189655172413793 
0.7605042016806722 0.8189655172413793 
0.773109243697479 0.8189655172413793 
0.8025210084033614 0.8189655172413793 
0.819327731092437 0.8189655172413793 
0.8487394957983193 0.8189655172413793 
0.9117647058823529 0.8189655172413793 
0.9285714285714286 0.8189655172413793 
0.6974789915966386 0.8232758620689655 
0.7142857142857143 0.8232758620689655 
0.7226890756302521 0.8232758620689655 
0.7478991596638656 0.8232758620689655 
0.8067226890756303 0.8232758620689655 
0.8151260504201681 0.8232758620689655 
0.8445378151260504 0.8232758620689655 
0.9117647058823529 0.8232758620689655 
0.9159663865546218 0.8232758620689655 
0.6554621848739496 0.8275862068965517 
0.7310924369747899 0.8275862068965517 
0.7436974789915967 0.8275862068965517 
0.7689075630252101 0.8275862068965517 
0.8109243697478992 0.8275862068965517 
0.8403361344537815 0.8275862068965517 
0.8865546218487395 0.8275862068965517 
0.8949579831932774 0.8275862068965517 
0.6428571428571429 0.8318965517241379 
0.6722689075630253 0.8318965517241379 
0.7016806722689075 0.8318965517241379 
0.7184873949579832 0.8318965517241379 
0.7436974789915967 0.8318965517241379 
0.7605042016806722 0.8318965517241379 
0.7647058823529411 0.8318965517241379 
0.773109243697479 0.8318965517241379 
0.7857142857142857 0.8318965517241379 
0.7941176470588235 0.8318965517241379 
0.8361344537815126 0.8318965517241379 
0.865546218487395 0.8318965517241379 
0.8823529411764706 0.8318965517241379 
0.9243697478991597 0.8318965517241379 
0.6974789915966386 0.8362068965517241 
0.7142857142857143 0.8362068965517241 
0.7226890756302521 0.8362068965517241 
0.7310924369747899 0.8362068965517241 
0.7394957983193278 0.8362068965517241 
0.7563025210084033 0.8362068965517241 
0.8109243697478992 0.8362068965517241 
0.8445378151260504 0.8362068965517241 
0.8697478991596639 0.8362068965517241 
0.907563025210084 0.8362068965517241 
0.9117647058823529 0.8362068965517241 
0.6722689075630253 0.8405172413793104 
0.6932773109243697 0.8405172413793104 
0.7016806722689075 0.8405172413793104 
0.7058823529411765 0.8405172413793104 
0.7310924369747899 0.8405172413793104 
0.7563025210084033 0.8405172413793104 
0.7605042016806722 0.8405172413793104 
0.7689075630252101 0.8405172413793104 
0.773109243697479 0.8405172413793104 
0.7983193277310925 0.8405172413793104 
0.8067226890756303 0.8405172413793104 
0.7478991596638656 0.8448275862068966 
0.7563025210084033 0.8448275862068966 
0.7647058823529411 0.8448275862068966 
0.8403361344537815 0.8448275862068966 
0.7310924369747899 0.8491379310344828 
0.7605042016806722 0.8491379310344828 
0.7773109243697479 0.8491379310344828 
0.7941176470588235 0.8491379310344828 
0.8235294117647058 0.8491379310344828 
0.9285714285714286 0.8491379310344828 
0.6932773109243697 0.853448275862069 
0.7226890756302521 0.853448275862069 
0.7352941176470589 0.853448275862069 
0.7773109243697479 0.853448275862069 
0.7815126050420168 0.853448275862069 
0.680672268907563 0.8577586206896551 
0.7436974789915967 0.8577586206896551 
0.7563025210084033 0.8577586206896551 
0.7605042016806722 0.8577586206896551 
0.773109243697479 0.8577586206896551 
0.9369747899159664 0.8577586206896551 
0.680672268907563 0.8620689655172413 
0.7142857142857143 0.8620689655172413 
0.726890756302521 0.8620689655172413 
0.7899159663865546 0.8620689655172413 
0.8445378151260504 0.8620689655172413 
0.7184873949579832 0.8663793103448276 
0.7478991596638656 0.8663793103448276 
0.7647058823529411 0.8663793103448276 
0.7689075630252101 0.8663793103448276 
0.7815126050420168 0.8663793103448276 
0.7857142857142857 0.8663793103448276 
0.7941176470588235 0.8663793103448276 
0.9537815126050421 0.8663793103448276 
0.5840336134453782 0.8706896551724138 
0.6554621848739496 0.8706896551724138 
0.6764705882352942 0.8706896551724138 
0.7184873949579832 0.8706896551724138 
0.7563025210084033 0.8706896551724138 
0.7857142857142857 0.8706896551724138 
0.8025210084033614 0.8706896551724138 
0.8991596638655462 0.8706896551724138 
0.7310924369747899 0.875 
0.7352941176470589 0.875 
0.7899159663865546 0.875 
0.8361344537815126 0.875 
0.8487394957983193 0.875 
0.6890756302521008 0.8793103448275862 
0.7016806722689075 0.8793103448275862 
0.7605042016806722 0.8793103448275862 
0.7857142857142857 0.8793103448275862 
0.8907563025210085 0.8793103448275862 
0.8067226890756303 0.8836206896551724 
0.8319327731092437 0.8836206896551724 
0.8361344537815126 0.8836206896551724 
0.8613445378151261 0.8836206896551724 
0.7352941176470589 0.8879310344827587 
0.7773109243697479 0.8879310344827587 
0.6932773109243697 0.8922413793103449 
0.773109243697479 0.8922413793103449 
0.7983193277310925 0.8922413793103449 
0.819327731092437 0.8922413793103449 
0.9159663865546218 0.8922413793103449 
0.6386554621848739 0.896551724137931 
0.7352941176470589 0.896551724137931 
0.7394957983193278 0.896551724137931 
0.7605042016806722 0.896551724137931 
0.680672268907563 0.9008620689655172 
0.7689075630252101 0.9008620689655172 
0.8613445378151261 0.9008620689655172 
0.7436974789915967 0.9094827586206896 
0.7478991596638656 0.9094827586206896 
0.7689075630252101 0.9094827586206896 
0.8067226890756303 0.9094827586206896 
0.8235294117647058 0.9094827586206896 
0.8487394957983193 0.9094827586206896 
0.7310924369747899 0.9137931034482759 
0.8067226890756303 0.9137931034482759 
0.8529411764705882 0.9137931034482759 
0.7352941176470589 0.9181034482758621 
0.8445378151260504 0.9181034482758621 
0.9369747899159664 0.9181034482758621 
0.8991596638655462 0.9224137931034483 
0.9117647058823529 0.9224137931034483 
0.8025210084033614 0.9267241379310345 
0.8739495798319328 0.9267241379310345 
0.8991596638655462 0.9267241379310345 
0.7436974789915967 0.9310344827586207 
0.7647058823529411 0.9310344827586207 
0.8613445378151261 0.9310344827586207 
0.7352941176470589 0.9353448275862069 
0.8739495798319328 0.9439655172413793 
0.8697478991596639 0.9482758620689655 
0.819327731092437 0.9568965517241379 
0.8403361344537815 0.9698275862068966 
0.9327731092436975 1.0 
