1157 2
0.0 0.0 
0.00392156862745098 0.8207171314741036 
0.00784313725490196 0.852589641434263 
0.011764705882352941 0.00398406374501992 
0.01568627450980392 0.3545816733067729 
0.01568627450980392 0.4940239043824701 
0.0196078431372549 0.6733067729083665 
0.0196078431372549 0.8366533864541833 
0.023529411764705882 0.7888446215139442 
0.023529411764705882 0.848605577689243 
0.027450980392156862 0.5179282868525896 
0.03137254901960784 0.08366533864541832 
0.03137254901960784 0.2908366533864542 
0.03529411764705882 0.09163346613545817 
0.03529411764705882 0.1394422310756972 
0.0392156862745098 0.4063745019920319 
0.0392156862745098 0.7808764940239044 
0.043137254901960784 0.32669322709163345 
0.043137254901960784 0.8924302788844621 
0.047058823529411764 0.8406374501992032 
0.050980392156862744 0.2948207171314741 
0.050980392156862744 0.6175298804780877 
0.050980392156862744 0.8884462151394422 
0.054901960784313725 0.199203187250996 
0.058823529411764705 0.14342629482071714 
0.058823529411764705 0.40239043824701193 
0.058823529411764705 0.5219123505976095 
0.058823529411764705 0.545816733067729 
0.06274509803921569 0.22709163346613545 
0.06274509803921569 0.3784860557768924 
0.06274509803921569 0.7848605577689243 
0.06666666666666667 0.8844621513944223 
0.07058823529411765 0.11155378486055777 
0.07058823529411765 0.5537848605577689 
0.07058823529411765 0.6175298804780877 
0.07450980392156863 0.15139442231075698 
0.07450980392156863 0.199203187250996 
0.07450980392156863 0.3107569721115538 
0.0784313725490196 0.03187250996015936 
0.0784313725490196 0.1394422310756972 
0.0784313725490196 0.16334661354581673 
0.0784313725490196 0.796812749003984 
0.0784313725490196 0.848605577689243 
0.0784313725490196 0.9880478087649402 
0.08235294117647059 0.18725099601593626 
0.08235294117647059 0.8645418326693227 
0.08235294117647059 0.8884462151394422 
0.09019607843137255 0.350597609561753 
0.09411764705882353 0.08366533864541832 
0.09411764705882353 0.1394422310756972 
0.09411764705882353 0.21912350597609562 
0.09803921568627451 0.14342629482071714 
0.09803921568627451 0.20717131474103587 
0.09803921568627451 0.21115537848605578 
0.09803921568627451 0.24302788844621515 
0.09803921568627451 0.2788844621513944 
0.09803921568627451 0.8605577689243028 
0.10196078431372549 0.06374501992031872 
0.10196078431372549 0.2788844621513944 
0.10196078431372549 0.9043824701195219 
0.10196078431372549 0.9282868525896414 
0.10588235294117647 0.14741035856573706 
0.10588235294117647 0.9203187250996016 
0.10980392156862745 0.099601593625498 
0.10980392156862745 0.12749003984063745 
0.10980392156862745 0.13147410358565736 
0.10980392156862745 0.16733067729083664 
0.10980392156862745 0.1952191235059761 
0.10980392156862745 0.5298804780876494 
0.10980392156862745 0.9083665338645418 
0.11372549019607843 0.11952191235059761 
0.11372549019607843 0.16733067729083664 
0.11372549019607843 0.2589641434262948 
0.11372549019607843 0.9322709163346613 
0.11764705882352941 0.12350597609561753 
0.12549019607843137 0.10358565737051793 
0.12549019607843137 0.10756972111553785 
0.12549019607843137 0.13147410358565736 
0.12549019607843137 0.17131474103585656 
0.12549019607843137 0.2549800796812749 
0.12549019607843137 0.2788844621513944 
0.12549019607843137 0.32669322709163345 
0.12549019607843137 0.9840637450199203 
0.12941176470588237 0.1394422310756972 
0.12941176470588237 0.1593625498007968 
0.12941176470588237 0.20318725099601595 
0.12941176470588237 0.6533864541832669 
0.12941176470588237 0.7330677290836654 
0.13333333333333333 0.18725099601593626 
0.13333333333333333 0.2350597609561753 
0.13333333333333333 0.3346613545816733 
0.13333333333333333 0.5298804780876494 
0.13725490196078433 0.1752988047808765 
0.13725490196078433 0.33067729083665337 
0.13725490196078433 0.8884462151394422 
0.1411764705882353 0.11155378486055777 
0.1411764705882353 0.18326693227091634 
0.1411764705882353 0.21912350597609562 
0.1411764705882353 0.30278884462151395 
0.1411764705882353 0.30677290836653387 
0.1411764705882353 0.900398406374502 
0.1450980392156863 0.14741035856573706 
0.1450980392156863 0.7569721115537849 
0.14901960784313725 0.09561752988047809 
0.14901960784313725 0.20717131474103587 
0.14901960784313725 0.36254980079681276 
0.15294117647058825 0.10756972111553785 
0.15294117647058825 0.16733067729083664 
0.15294117647058825 0.21912350597609562 
0.15294117647058825 0.27091633466135456 
0.15294117647058825 0.2749003984063745 
0.15294117647058825 0.2908366533864542 
0.15294117647058825 0.43824701195219123 
0.1568627450980392 0.13147410358565736 
0.1568627450980392 0.19123505976095617 
0.1568627450980392 0.1952191235059761 
0.1568627450980392 0.21912350597609562 
0.1568627450980392 0.2868525896414343 
0.1607843137254902 0.10358565737051793 
0.1607843137254902 0.18725099601593626 
0.1607843137254902 0.6215139442231076 
0.16470588235294117 0.055776892430278883 
0.16470588235294117 0.11952191235059761 
0.16470588235294117 0.1752988047808765 
0.16470588235294117 0.20318725099601595 
0.16470588235294117 0.22310756972111553 
0.16470588235294117 0.26294820717131473 
0.16470588235294117 0.4302788844621514 
0.16470588235294117 0.9760956175298805 
0.16862745098039217 0.027888446215139442 
0.16862745098039217 0.15139442231075698 
0.16862745098039217 0.23107569721115537 
0.16862745098039217 0.2549800796812749 
0.16862745098039217 0.2868525896414343 
0.16862745098039217 0.3107569721115538 
0.16862745098039217 0.5617529880478087 
0.17254901960784313 0.09561752988047809 
0.17254901960784313 0.10756972111553785 
0.17254901960784313 0.199203187250996 
0.17254901960784313 0.2749003984063745 
0.17254901960784313 0.28286852589641437 
0.17254901960784313 0.3346613545816733 
0.17254901960784313 0.35856573705179284 
0.17647058823529413 0.13545816733067728 
0.17647058823529413 0.1593625498007968 
0.17647058823529413 0.199203187250996 
0.17647058823529413 0.22310756972111553 
0.17647058823529413 0.22709163346613545 
0.17647058823529413 0.26294820717131473 
0.17647058823529413 0.26693227091633465 
0.17647058823529413 0.2868525896414343 
0.17647058823529413 0.42231075697211157 
0.1803921568627451 0.12749003984063745 
0.1803921568627451 0.22709163346613545 
0.1803921568627451 0.23904382470119523 
0.1843137254901961 0.07569721115537849 
0.1843137254901961 0.18725099601593626 
0.1843137254901961 0.1952191235059761 
0.1843137254901961 0.2151394422310757 
0.1843137254901961 0.22709163346613545 
0.1843137254901961 0.6215139442231076 
0.18823529411764706 0.12749003984063745 
0.18823529411764706 0.15139442231075698 
0.18823529411764706 0.1553784860557769 
0.18823529411764706 0.16733067729083664 
0.18823529411764706 0.1952191235059761 
0.18823529411764706 0.21115537848605578 
0.18823529411764706 0.24302788844621515 
0.18823529411764706 0.27091633466135456 
0.19215686274509805 0.07569721115537849 
0.19215686274509805 0.21115537848605578 
0.19215686274509805 0.9561752988047809 
0.19607843137254902 0.1752988047808765 
0.19607843137254902 0.17928286852589642 
0.19607843137254902 0.19123505976095617 
0.19607843137254902 0.23107569721115537 
0.2 0.18326693227091634 
0.2 0.23107569721115537 
0.2 0.2589641434262948 
0.2 0.8326693227091634 
0.20392156862745098 0.12749003984063745 
0.20392156862745098 0.16733067729083664 
0.20392156862745098 0.2350597609561753 
0.20392156862745098 0.2549800796812749 
0.20784313725490197 0.16334661354581673 
0.20784313725490197 0.16733067729083664 
0.20784313725490197 0.2151394422310757 
0.20784313725490197 0.22709163346613545 
0.20784313725490197 0.2749003984063745 
0.20784313725490197 0.3904382470119522 
0.21176470588235294 0.05179282868525897 
0.21176470588235294 0.05976095617529881 
0.21176470588235294 0.15139442231075698 
0.21176470588235294 0.17928286852589642 
0.21176470588235294 0.19123505976095617 
0.21176470588235294 0.21115537848605578 
0.21176470588235294 0.250996015936255 
0.21176470588235294 0.30677290836653387 
0.21176470588235294 0.3426294820717131 
0.21176470588235294 0.450199203187251 
0.21568627450980393 0.12749003984063745 
0.21568627450980393 0.16334661354581673 
0.2196078431372549 0.22709163346613545 
0.2196078431372549 0.3187250996015936 
0.2196078431372549 0.5896414342629482 
0.2196078431372549 0.7768924302788844 
0.2235294117647059 0.08764940239043825 
0.2235294117647059 0.12749003984063745 
0.2235294117647059 0.1553784860557769 
0.2235294117647059 0.17928286852589642 
0.2235294117647059 0.28286852589641437 
0.2235294117647059 0.3107569721115538 
0.2235294117647059 0.6892430278884463 
0.2235294117647059 0.7848605577689243 
0.22745098039215686 0.09163346613545817 
0.22745098039215686 0.1752988047808765 
0.22745098039215686 0.23107569721115537 
0.22745098039215686 0.28286852589641437 
0.22745098039215686 0.3107569721115538 
0.22745098039215686 0.35856573705179284 
0.22745098039215686 0.4860557768924303 
0.23137254901960785 0.14741035856573706 
0.23137254901960785 0.1553784860557769 
0.23137254901960785 0.21115537848605578 
0.23137254901960785 0.22310756972111553 
0.23137254901960785 0.2549800796812749 
0.23137254901960785 0.26693227091633465 
0.23137254901960785 0.30677290836653387 
0.23529411764705882 0.04780876494023904 
0.23529411764705882 0.5856573705179283 
0.23921568627450981 0.12350597609561753 
0.24313725490196078 0.06374501992031872 
0.24313725490196078 0.1553784860557769 
0.24313725490196078 0.19123505976095617 
0.24313725490196078 0.26294820717131473 
0.24313725490196078 0.6693227091633466 
0.24705882352941178 0.23107569721115537 
0.24705882352941178 0.38645418326693226 
0.24705882352941178 0.7729083665338645 
0.25098039215686274 0.15139442231075698 
0.25098039215686274 0.16334661354581673 
0.25098039215686274 0.22709163346613545 
0.25098039215686274 0.2549800796812749 
0.25098039215686274 0.29880478087649404 
0.25098039215686274 0.5298804780876494 
0.25098039215686274 0.5976095617529881 
0.2549019607843137 0.09561752988047809 
0.2549019607843137 0.16334661354581673 
0.2549019607843137 0.17928286852589642 
0.2549019607843137 0.19123505976095617 
0.2549019607843137 0.250996015936255 
0.2549019607843137 0.28286852589641437 
0.25882352941176473 0.14342629482071714 
0.25882352941176473 0.22709163346613545 
0.25882352941176473 0.250996015936255 
0.25882352941176473 0.28286852589641437 
0.2627450980392157 0.11553784860557768 
0.2627450980392157 0.12749003984063745 
0.2627450980392157 0.19123505976095617 
0.2627450980392157 0.4342629482071713 
0.26666666666666666 0.055776892430278883 
0.26666666666666666 0.16733067729083664 
0.26666666666666666 0.1752988047808765 
0.27058823529411763 0.1952191235059761 
0.27058823529411763 0.21115537848605578 
0.27058823529411763 0.32669322709163345 
0.27058823529411763 0.40239043824701193 
0.27450980392156865 0.11553784860557768 
0.27450980392156865 0.42231075697211157 
0.27450980392156865 0.46215139442231074 
0.27450980392156865 0.4940239043824701 
0.27450980392156865 0.7729083665338645 
0.27450980392156865 0.9561752988047809 
0.2784313725490196 0.055776892430278883 
0.2784313725490196 0.10358565737051793 
0.2784313725490196 0.16334661354581673 
0.2784313725490196 0.5577689243027888 
0.2784313725490196 0.6693227091633466 
0.2823529411764706 0.35856573705179284 
0.28627450980392155 0.16733067729083664 
0.28627450980392155 0.18326693227091634 
0.28627450980392155 0.21115537848605578 
0.28627450980392155 0.36254980079681276 
0.28627450980392155 0.3705179282868526 
0.2901960784313726 0.1752988047808765 
0.2901960784313726 0.21912350597609562 
0.2901960784313726 0.3147410358565737 
0.2901960784313726 0.35856573705179284 
0.2901960784313726 0.41434262948207173 
0.2901960784313726 0.796812749003984 
0.2901960784313726 0.952191235059761 
0.29411764705882354 0.15139442231075698 
0.29411764705882354 0.250996015936255 
0.29411764705882354 0.26294820717131473 
0.29411764705882354 0.32669322709163345 
0.2980392156862745 0.07569721115537849 
0.2980392156862745 0.11155378486055777 
0.2980392156862745 0.17928286852589642 
0.2980392156862745 0.23904382470119523 
0.2980392156862745 0.5776892430278885 
0.30196078431372547 0.33067729083665337 
0.30196078431372547 0.36254980079681276 
0.30196078431372547 0.3784860557768924 
0.30196078431372547 0.398406374501992 
0.3058823529411765 0.07171314741035857 
0.3058823529411765 0.1553784860557769 
0.3058823529411765 0.33067729083665337 
0.3058823529411765 0.398406374501992 
0.3058823529411765 0.4820717131474104 
0.30980392156862746 0.199203187250996 
0.30980392156862746 0.30677290836653387 
0.30980392156862746 0.3187250996015936 
0.30980392156862746 0.32270916334661354 
0.30980392156862746 0.32669322709163345 
0.30980392156862746 0.3426294820717131 
0.30980392156862746 0.3545816733067729 
0.30980392156862746 0.38645418326693226 
0.30980392156862746 0.3944223107569721 
0.3137254901960784 0.055776892430278883 
0.3137254901960784 0.07569721115537849 
0.3137254901960784 0.1553784860557769 
0.3137254901960784 0.30677290836653387 
0.3137254901960784 0.6334661354581673 
0.3176470588235294 0.14741035856573706 
0.3176470588235294 0.18725099601593626 
0.3176470588235294 0.3107569721115538 
0.3176470588235294 0.32270916334661354 
0.3176470588235294 0.32669322709163345 
0.3176470588235294 0.3426294820717131 
0.3176470588235294 0.398406374501992 
0.3176470588235294 0.42231075697211157 
0.3176470588235294 0.6095617529880478 
0.3176470588235294 0.7649402390438247 
0.3215686274509804 0.02390438247011952 
0.3215686274509804 0.3466135458167331 
0.3215686274509804 0.3745019920318725 
0.3215686274509804 0.42231075697211157 
0.3215686274509804 0.8366533864541833 
0.3254901960784314 0.22310756972111553 
0.3254901960784314 0.23904382470119523 
0.3254901960784314 0.3147410358565737 
0.3254901960784314 0.350597609561753 
0.3254901960784314 0.4103585657370518 
0.3254901960784314 0.7131474103585658 
0.3254901960784314 0.7330677290836654 
0.3254901960784314 0.8605577689243028 
0.32941176470588235 0.15139442231075698 
0.32941176470588235 0.26294820717131473 
0.32941176470588235 0.30677290836653387 
0.32941176470588235 0.3107569721115538 
0.32941176470588235 0.36254980079681276 
0.32941176470588235 0.3665338645418327 
0.32941176470588235 0.3944223107569721 
0.32941176470588235 0.43824701195219123 
0.32941176470588235 0.5418326693227091 
0.32941176470588235 0.8605577689243028 
0.3333333333333333 0.2589641434262948 
0.3333333333333333 0.32270916334661354 
0.3333333333333333 0.350597609561753 
0.3333333333333333 0.3545816733067729 
0.3333333333333333 0.8804780876494024 
0.33725490196078434 0.24701195219123506 
0.33725490196078434 0.27091633466135456 
0.33725490196078434 0.2868525896414343 
0.33725490196078434 0.3107569721115538 
0.33725490196078434 0.3346613545816733 
0.33725490196078434 0.3466135458167331 
0.33725490196078434 0.35856573705179284 
0.33725490196078434 0.3705179282868526 
0.33725490196078434 0.3745019920318725 
0.33725490196078434 0.38645418326693226 
0.33725490196078434 0.3904382470119522 
0.33725490196078434 0.40239043824701193 
0.33725490196078434 0.41434262948207173 
0.3411764705882353 0.30677290836653387 
0.3411764705882353 0.3386454183266932 
0.3411764705882353 0.35856573705179284 
0.3411764705882353 0.3665338645418327 
0.3411764705882353 0.3705179282868526 
0.3411764705882353 0.3904382470119522 
0.3411764705882353 0.3944223107569721 
0.3411764705882353 0.398406374501992 
0.34509803921568627 0.23107569721115537 
0.34509803921568627 0.2948207171314741 
0.34509803921568627 0.3545816733067729 
0.34509803921568627 0.3665338645418327 
0.34509803921568627 0.3705179282868526 
0.34509803921568627 0.3784860557768924 
0.34509803921568627 0.8605577689243028 
0.34509803921568627 0.9800796812749004 
0.34901960784313724 0.2948207171314741 
0.34901960784313724 0.32270916334661354 
0.34901960784313724 0.3346613545816733 
0.34901960784313724 0.3426294820717131 
0.34901960784313724 0.36254980079681276 
0.34901960784313724 0.3784860557768924 
0.34901960784313724 0.3944223107569721 
0.35294117647058826 0.3466135458167331 
0.35294117647058826 0.350597609561753 
0.35294117647058826 0.3545816733067729 
0.35294117647058826 0.38645418326693226 
0.35294117647058826 0.8087649402390438 
0.3568627450980392 0.3386454183266932 
0.3568627450980392 0.3426294820717131 
0.3568627450980392 0.3745019920318725 
0.3607843137254902 0.20717131474103587 
0.3607843137254902 0.28286852589641437 
0.3607843137254902 0.2868525896414343 
0.3607843137254902 0.3346613545816733 
0.3607843137254902 0.3386454183266932 
0.3607843137254902 0.3545816733067729 
0.3607843137254902 0.4302788844621514 
0.36470588235294116 0.30278884462151395 
0.36470588235294116 0.3346613545816733 
0.36470588235294116 0.3466135458167331 
0.36470588235294116 0.3705179282868526 
0.36470588235294116 0.398406374501992 
0.36470588235294116 0.41434262948207173 
0.36470588235294116 0.9561752988047809 
0.3686274509803922 0.30278884462151395 
0.3686274509803922 0.3466135458167331 
0.3686274509803922 0.36254980079681276 
0.3686274509803922 0.3705179282868526 
0.3686274509803922 0.3745019920318725 
0.3686274509803922 0.38645418326693226 
0.3686274509803922 0.3904382470119522 
0.3686274509803922 0.398406374501992 
0.3686274509803922 0.4581673306772908 
0.3686274509803922 0.5179282868525896 
0.3686274509803922 0.5776892430278885 
0.3686274509803922 0.8087649402390438 
0.37254901960784315 0.28286852589641437 
0.37254901960784315 0.3187250996015936 
0.3764705882352941 0.2908366533864542 
0.3764705882352941 0.3745019920318725 
0.3764705882352941 0.3904382470119522 
0.3764705882352941 0.5896414342629482 
0.3764705882352941 0.8167330677290837 
0.3803921568627451 0.11553784860557768 
0.3803921568627451 0.2549800796812749 
0.3803921568627451 0.2868525896414343 
0.3803921568627451 0.30677290836653387 
0.3803921568627451 0.3346613545816733 
0.3803921568627451 0.3466135458167331 
0.3803921568627451 0.3545816733067729 
0.3803921568627451 0.3705179282868526 
0.3803921568627451 0.38247011952191234 
0.3803921568627451 0.38645418326693226 
0.3803921568627451 0.4063745019920319 
0.3803921568627451 0.6135458167330677 
0.3803921568627451 0.6533864541832669 
0.3803921568627451 0.8446215139442231 
0.3843137254901961 0.09163346613545817 
0.3843137254901961 0.32270916334661354 
0.3843137254901961 0.33067729083665337 
0.3843137254901961 0.3545816733067729 
0.3843137254901961 0.3705179282868526 
0.38823529411764707 0.3426294820717131 
0.38823529411764707 0.3466135458167331 
0.38823529411764707 0.3545816733067729 
0.38823529411764707 0.42231075697211157 
0.38823529411764707 0.5099601593625498 
0.38823529411764707 0.749003984063745 
0.39215686274509803 0.3147410358565737 
0.39215686274509803 0.3386454183266932 
0.396078431372549 0.3426294820717131 
0.396078431372549 0.350597609561753 
0.396078431372549 0.36254980079681276 
0.396078431372549 0.43824701195219123 
0.396078431372549 0.6095617529880478 
0.396078431372549 0.6294820717131474 
0.396078431372549 0.8366533864541833 
0.4 0.3346613545816733 
0.4 0.3466135458167331 
0.4 0.3665338645418327 
0.4 0.38247011952191234 
0.4 0.3904382470119522 
0.4 0.6175298804780877 
0.403921568627451 0.3147410358565737 
0.403921568627451 0.3466135458167331 
0.403921568627451 0.6454183266932271 
0.40784313725490196 0.035856573705179286 
0.40784313725490196 0.3346613545816733 
0.40784313725490196 0.3426294820717131 
0.40784313725490196 0.35856573705179284 
0.40784313725490196 0.42231075697211157 
0.40784313725490196 0.7529880478087649 
0.40784313725490196 0.8804780876494024 
0.4117647058823529 0.3346613545816733 
0.4117647058823529 0.545816733067729 
0.41568627450980394 0.3745019920318725 
0.41568627450980394 0.3784860557768924 
0.41568627450980394 0.6374501992031872 
0.41568627450980394 0.7370517928286853 
0.4196078431372549 0.38645418326693226 
0.4196078431372549 0.5099601593625498 
0.4196078431372549 0.5219123505976095 
0.4235294117647059 0.41434262948207173 
0.4235294117647059 0.5657370517928287 
0.4235294117647059 0.5737051792828686 
0.4235294117647059 0.6095617529880478 
0.4235294117647059 0.6892430278884463 
0.42745098039215684 0.5378486055776892 
0.42745098039215684 0.6334661354581673 
0.43137254901960786 0.199203187250996 
0.43137254901960786 0.4302788844621514 
0.43137254901960786 0.6772908366533864 
0.43137254901960786 0.8047808764940239 
0.43529411764705883 0.5378486055776892 
0.43529411764705883 0.549800796812749 
0.43529411764705883 0.5577689243027888 
0.43529411764705883 0.5617529880478087 
0.43529411764705883 0.7250996015936255 
0.4392156862745098 0.47808764940239046 
0.4392156862745098 0.6175298804780877 
0.4392156862745098 0.6334661354581673 
0.44313725490196076 0.099601593625498 
0.44313725490196076 0.38645418326693226 
0.44313725490196076 0.5378486055776892 
0.44313725490196076 0.6573705179282868 
0.44313725490196076 0.6613545816733067 
0.44313725490196076 0.6932270916334662 
0.44313725490196076 0.7131474103585658 
0.4470588235294118 0.18326693227091634 
0.4470588235294118 0.250996015936255 
0.4470588235294118 0.5697211155378487 
0.4470588235294118 0.5976095617529881 
0.45098039215686275 0.5418326693227091 
0.45098039215686275 0.545816733067729 
0.45098039215686275 0.5816733067729084 
0.45098039215686275 0.6135458167330677 
0.4549019607843137 0.12749003984063745 
0.4549019607843137 0.23904382470119523 
0.4549019607843137 0.6254980079681275 
0.4588235294117647 0.549800796812749 
0.4588235294117647 0.6135458167330677 
0.4627450980392157 0.18326693227091634 
0.4627450980392157 0.5099601593625498 
0.4627450980392157 0.5537848605577689 
0.4666666666666667 0.07171314741035857 
0.4666666666666667 0.549800796812749 
0.4666666666666667 0.5976095617529881 
0.4666666666666667 0.6254980079681275 
0.4666666666666667 0.6374501992031872 
0.4666666666666667 0.6932270916334662 
0.4666666666666667 0.7091633466135459 
0.47058823529411764 0.4302788844621514 
0.47058823529411764 0.5378486055776892 
0.47058823529411764 0.5617529880478087 
0.47058823529411764 0.5976095617529881 
0.4745098039215686 0.47410358565737054 
0.4745098039215686 0.49800796812749004 
0.4745098039215686 0.5856573705179283 
0.4745098039215686 0.6533864541832669 
0.4745098039215686 0.6852589641434262 
0.4745098039215686 0.8844621513944223 
0.47843137254901963 0.46613545816733065 
0.47843137254901963 0.5298804780876494 
0.4823529411764706 0.5936254980079682 
0.4823529411764706 0.8844621513944223 
0.4823529411764706 0.8924302788844621 
0.4823529411764706 0.9322709163346613 
0.48627450980392156 0.5258964143426295 
0.48627450980392156 0.5378486055776892 
0.48627450980392156 0.6055776892430279 
0.48627450980392156 0.6175298804780877 
0.48627450980392156 0.6254980079681275 
0.48627450980392156 0.6693227091633466 
0.48627450980392156 0.7450199203187251 
0.49019607843137253 0.42231075697211157 
0.49019607843137253 0.4900398406374502 
0.49019607843137253 0.5418326693227091 
0.49019607843137253 0.5896414342629482 
0.49019607843137253 0.6055776892430279 
0.49019607843137253 0.6095617529880478 
0.49019607843137253 0.6175298804780877 
0.49019607843137253 0.6414342629482072 
0.49019607843137253 0.6613545816733067 
0.49019607843137253 0.6772908366533864 
0.49411764705882355 0.5059760956175299 
0.49411764705882355 0.5338645418326693 
0.49411764705882355 0.5577689243027888 
0.49411764705882355 0.5697211155378487 
0.49411764705882355 0.6772908366533864 
0.4980392156862745 0.545816733067729 
0.4980392156862745 0.5737051792828686 
0.4980392156862745 0.6533864541832669 
0.4980392156862745 0.6653386454183267 
0.4980392156862745 0.7808764940239044 
0.5019607843137255 0.21912350597609562 
0.5019607843137255 0.4103585657370518 
0.5019607843137255 0.4302788844621514 
0.5019607843137255 0.49800796812749004 
0.5019607843137255 0.5258964143426295 
0.5019607843137255 0.5298804780876494 
0.5019607843137255 0.545816733067729 
0.5019607843137255 0.5657370517928287 
0.5019607843137255 0.5936254980079682 
0.5058823529411764 0.07171314741035857 
0.5058823529411764 0.46613545816733065 
0.5058823529411764 0.5179282868525896 
0.5058823529411764 0.5657370517928287 
0.5058823529411764 0.6254980079681275 
0.5058823529411764 0.6573705179282868 
0.5058823529411764 0.9920318725099602 
0.5058823529411764 1.0 
0.5098039215686274 0.4342629482071713 
0.5098039215686274 0.6573705179282868 
0.5137254901960784 0.11952191235059761 
0.5137254901960784 0.5617529880478087 
0.5137254901960784 0.6573705179282868 
0.5137254901960784 0.6653386454183267 
0.5137254901960784 0.6852589641434262 
0.5176470588235295 0.23107569721115537 
0.5176470588235295 0.24302788844621515 
0.5176470588235295 0.50199203187251 
0.5176470588235295 0.5219123505976095 
0.5176470588235295 0.5298804780876494 
0.5176470588235295 0.5378486055776892 
0.5176470588235295 0.5697211155378487 
0.5176470588235295 0.5737051792828686 
0.5176470588235295 0.6215139442231076 
0.5176470588235295 0.6454183266932271 
0.5176470588235295 0.6533864541832669 
0.5176470588235295 0.6772908366533864 
0.5176470588235295 0.7250996015936255 
0.5215686274509804 0.41434262948207173 
0.5215686274509804 0.5179282868525896 
0.5215686274509804 0.5378486055776892 
0.5215686274509804 0.5577689243027888 
0.5215686274509804 0.5936254980079682 
0.5215686274509804 0.6055776892430279 
0.5215686274509804 0.6254980079681275 
0.5254901960784314 0.16733067729083664 
0.5254901960784314 0.549800796812749 
0.5254901960784314 0.5697211155378487 
0.5254901960784314 0.5856573705179283 
0.5254901960784314 0.5936254980079682 
0.5254901960784314 0.5976095617529881 
0.5254901960784314 0.601593625498008 
0.5254901960784314 0.6055776892430279 
0.5254901960784314 0.6175298804780877 
0.5254901960784314 0.6334661354581673 
0.5254901960784314 0.852589641434263 
0.5294117647058824 0.4103585657370518 
0.5294117647058824 0.5338645418326693 
0.5294117647058824 0.5737051792828686 
0.5294117647058824 0.5856573705179283 
0.5294117647058824 0.6334661354581673 
0.5294117647058824 0.6454183266932271 
0.5294117647058824 0.7290836653386454 
0.5333333333333333 0.49800796812749004 
0.5333333333333333 0.5099601593625498 
0.5333333333333333 0.5298804780876494 
0.5333333333333333 0.5577689243027888 
0.5333333333333333 0.5816733067729084 
0.5333333333333333 0.7051792828685259 
0.5372549019607843 0.4860557768924303 
0.5372549019607843 0.5139442231075697 
0.5372549019607843 0.545816733067729 
0.5372549019607843 0.549800796812749 
0.5372549019607843 0.5617529880478087 
0.5372549019607843 0.5737051792828686 
0.5411764705882353 0.4262948207171315 
0.5411764705882353 0.4940239043824701 
0.5411764705882353 0.5139442231075697 
0.5411764705882353 0.5577689243027888 
0.5411764705882353 0.5617529880478087 
0.5411764705882353 0.5737051792828686 
0.5411764705882353 0.6055776892430279 
0.5411764705882353 0.6334661354581673 
0.5411764705882353 0.6852589641434262 
0.5411764705882353 0.7171314741035857 
0.5411764705882353 0.7529880478087649 
0.5411764705882353 0.7609561752988048 
0.5450980392156862 0.47410358565737054 
0.5450980392156862 0.5059760956175299 
0.5450980392156862 0.5617529880478087 
0.5450980392156862 0.5657370517928287 
0.5450980392156862 0.6175298804780877 
0.5450980392156862 0.6374501992031872 
0.5450980392156862 0.6533864541832669 
0.5450980392156862 0.6693227091633466 
0.5450980392156862 0.6733067729083665 
0.5450980392156862 0.7091633466135459 
0.5450980392156862 0.7290836653386454 
0.5450980392156862 0.9840637450199203 
0.5490196078431373 0.4262948207171315 
0.5490196078431373 0.5298804780876494 
0.5490196078431373 0.5338645418326693 
0.5490196078431373 0.5697211155378487 
0.5490196078431373 0.5856573705179283 
0.5490196078431373 0.5896414342629482 
0.5490196078431373 0.5936254980079682 
0.5490196078431373 0.6175298804780877 
0.5490196078431373 0.6693227091633466 
0.5490196078431373 0.6852589641434262 
0.5529411764705883 0.50199203187251 
0.5529411764705883 0.5219123505976095 
0.5529411764705883 0.5856573705179283 
0.5529411764705883 0.6693227091633466 
0.5529411764705883 0.6733067729083665 
0.5529411764705883 0.7569721115537849 
0.5529411764705883 0.9960159362549801 
0.5568627450980392 0.350597609561753 
0.5568627450980392 0.4541832669322709 
0.5568627450980392 0.5179282868525896 
0.5568627450980392 0.5219123505976095 
0.5568627450980392 0.5697211155378487 
0.5568627450980392 0.5737051792828686 
0.5568627450980392 0.601593625498008 
0.5568627450980392 0.6215139442231076 
0.5568627450980392 0.6613545816733067 
0.5568627450980392 0.7211155378486056 
0.5568627450980392 0.7250996015936255 
0.5607843137254902 0.035856573705179286 
0.5607843137254902 0.17131474103585656 
0.5607843137254902 0.4262948207171315 
0.5607843137254902 0.4342629482071713 
0.5607843137254902 0.5338645418326693 
0.5607843137254902 0.549800796812749 
0.5607843137254902 0.5896414342629482 
0.5607843137254902 0.6294820717131474 
0.5607843137254902 0.6334661354581673 
0.5607843137254902 0.6414342629482072 
0.5607843137254902 0.6533864541832669 
0.5607843137254902 0.6852589641434262 
0.5607843137254902 0.7091633466135459 
0.5607843137254902 0.7689243027888446 
0.5607843137254902 0.8645418326693227 
0.5647058823529412 0.17928286852589642 
0.5647058823529412 0.4940239043824701 
0.5647058823529412 0.5976095617529881 
0.5647058823529412 0.601593625498008 
0.5647058823529412 0.6733067729083665 
0.5647058823529412 0.6812749003984063 
0.5686274509803921 0.22709163346613545 
0.5686274509803921 0.38247011952191234 
0.5686274509803921 0.49800796812749004 
0.5686274509803921 0.5537848605577689 
0.5686274509803921 0.5577689243027888 
0.5686274509803921 0.5976095617529881 
0.5686274509803921 0.6135458167330677 
0.5686274509803921 0.6215139442231076 
0.5686274509803921 0.6254980079681275 
0.5686274509803921 0.6334661354581673 
0.5686274509803921 0.6613545816733067 
0.5686274509803921 0.6653386454183267 
0.5686274509803921 0.6733067729083665 
0.5686274509803921 0.7450199203187251 
0.5725490196078431 0.5139442231075697 
0.5725490196078431 0.5258964143426295 
0.5725490196078431 0.5936254980079682 
0.5725490196078431 0.601593625498008 
0.5725490196078431 0.6254980079681275 
0.5725490196078431 0.6374501992031872 
0.5725490196078431 0.6533864541832669 
0.5764705882352941 0.12350597609561753 
0.5764705882352941 0.40239043824701193 
0.5764705882352941 0.47410358565737054 
0.5764705882352941 0.5059760956175299 
0.5764705882352941 0.5856573705179283 
0.5764705882352941 0.5936254980079682 
0.5764705882352941 0.601593625498008 
0.5764705882352941 0.6135458167330677 
0.5764705882352941 0.6254980079681275 
0.5803921568627451 0.3545816733067729 
0.5803921568627451 0.47410358565737054 
0.5803921568627451 0.5219123505976095 
0.5803921568627451 0.5258964143426295 
0.5803921568627451 0.549800796812749 
0.5803921568627451 0.5537848605577689 
0.5803921568627451 0.5617529880478087 
0.5803921568627451 0.5657370517928287 
0.5803921568627451 0.6095617529880478 
0.5803921568627451 0.6414342629482072 
0.5803921568627451 0.649402390438247 
0.5803921568627451 0.6693227091633466 
0.5803921568627451 0.6932270916334662 
0.5843137254901961 0.4701195219123506 
0.5843137254901961 0.47410358565737054 
0.5843137254901961 0.5976095617529881 
0.5843137254901961 0.6095617529880478 
0.5843137254901961 0.6334661354581673 
0.5843137254901961 0.6653386454183267 
0.5882352941176471 0.4900398406374502 
0.5882352941176471 0.49800796812749004 
0.5882352941176471 0.5139442231075697 
0.5882352941176471 0.5737051792828686 
0.5882352941176471 0.5776892430278885 
0.5882352941176471 0.5896414342629482 
0.5882352941176471 0.6215139442231076 
0.5882352941176471 0.6294820717131474 
0.5882352941176471 0.6414342629482072 
0.5882352941176471 0.6573705179282868 
0.5882352941176471 0.7171314741035857 
0.5882352941176471 0.7808764940239044 
0.592156862745098 0.4701195219123506 
0.592156862745098 0.5816733067729084 
0.592156862745098 0.5896414342629482 
0.592156862745098 0.649402390438247 
0.592156862745098 0.6573705179282868 
0.592156862745098 0.7211155378486056 
0.592156862745098 0.8047808764940239 
0.592156862745098 0.9203187250996016 
0.596078431372549 0.5258964143426295 
0.596078431372549 0.5657370517928287 
0.596078431372549 0.5737051792828686 
0.596078431372549 0.5896414342629482 
0.596078431372549 0.6334661354581673 
0.596078431372549 0.6533864541832669 
0.596078431372549 0.7131474103585658 
0.596078431372549 0.7250996015936255 
0.6 0.4860557768924303 
0.6 0.5617529880478087 
0.6 0.5657370517928287 
0.6 0.5776892430278885 
0.6 0.5976095617529881 
0.6 0.6135458167330677 
0.6 0.6254980079681275 
0.6 0.6733067729083665 
0.6 0.6772908366533864 
0.6 0.7171314741035857 
0.6 0.7410358565737052 
0.6039215686274509 0.450199203187251 
0.6039215686274509 0.4581673306772908 
0.6039215686274509 0.5298804780876494 
0.6039215686274509 0.549800796812749 
0.6039215686274509 0.5737051792828686 
0.6039215686274509 0.5896414342629482 
0.6039215686274509 0.6055776892430279 
0.6039215686274509 0.6095617529880478 
0.6039215686274509 0.6454183266932271 
0.6039215686274509 0.649402390438247 
0.6039215686274509 0.7410358565737052 
0.6039215686274509 0.7609561752988048 
0.6039215686274509 0.896414342629482 
0.6078431372549019 0.01195219123505976 
0.6078431372549019 0.398406374501992 
0.6078431372549019 0.4820717131474104 
0.6078431372549019 0.5219123505976095 
0.6078431372549019 0.5338645418326693 
0.6078431372549019 0.5617529880478087 
0.6078431372549019 0.5697211155378487 
0.6078431372549019 0.5896414342629482 
0.6078431372549019 0.6254980079681275 
0.6078431372549019 0.6334661354581673 
0.6078431372549019 0.7131474103585658 
0.611764705882353 0.44621513944223107 
0.611764705882353 0.5338645418326693 
0.611764705882353 0.5856573705179283 
0.611764705882353 0.6175298804780877 
0.611764705882353 0.6215139442231076 
0.611764705882353 0.6254980079681275 
0.611764705882353 0.6334661354581673 
0.615686274509804 0.44621513944223107 
0.615686274509804 0.4581673306772908 
0.615686274509804 0.4860557768924303 
0.615686274509804 0.49800796812749004 
0.615686274509804 0.5139442231075697 
0.615686274509804 0.5258964143426295 
0.615686274509804 0.5537848605577689 
0.615686274509804 0.5776892430278885 
0.615686274509804 0.6653386454183267 
0.615686274509804 0.6812749003984063 
0.615686274509804 0.7091633466135459 
0.6196078431372549 0.47410358565737054 
0.6196078431372549 0.4900398406374502 
0.6196078431372549 0.5737051792828686 
0.6196078431372549 0.6294820717131474 
0.6196078431372549 0.6812749003984063 
0.6196078431372549 0.7091633466135459 
0.6196078431372549 0.7569721115537849 
0.6196078431372549 0.7848605577689243 
0.6235294117647059 0.3346613545816733 
0.6235294117647059 0.5139442231075697 
0.6235294117647059 0.5258964143426295 
0.6235294117647059 0.545816733067729 
0.6235294117647059 0.5737051792828686 
0.6235294117647059 0.5776892430278885 
0.6235294117647059 0.5816733067729084 
0.6235294117647059 0.6095617529880478 
0.6235294117647059 0.6215139442231076 
0.6235294117647059 0.6533864541832669 
0.6235294117647059 0.6653386454183267 
0.6235294117647059 0.7609561752988048 
0.6274509803921569 0.44621513944223107 
0.6274509803921569 0.4940239043824701 
0.6274509803921569 0.5258964143426295 
0.6274509803921569 0.5298804780876494 
0.6274509803921569 0.5657370517928287 
0.6274509803921569 0.6613545816733067 
0.6274509803921569 0.6693227091633466 
0.6274509803921569 0.7370517928286853 
0.6313725490196078 0.3784860557768924 
0.6313725490196078 0.46215139442231074 
0.6313725490196078 0.4900398406374502 
0.6313725490196078 0.5219123505976095 
0.6313725490196078 0.5258964143426295 
0.6313725490196078 0.6135458167330677 
0.6313725490196078 0.6374501992031872 
0.6313725490196078 0.6414342629482072 
0.6313725490196078 0.6454183266932271 
0.6313725490196078 0.6892430278884463 
0.6313725490196078 0.7649402390438247 
0.6352941176470588 0.11553784860557768 
0.6352941176470588 0.46215139442231074 
0.6352941176470588 0.5697211155378487 
0.6352941176470588 0.5776892430278885 
0.6352941176470588 0.5896414342629482 
0.6352941176470588 0.6175298804780877 
0.6352941176470588 0.6334661354581673 
0.6352941176470588 0.6613545816733067 
0.6352941176470588 0.7211155378486056 
0.6352941176470588 0.7370517928286853 
0.6352941176470588 0.896414342629482 
0.6352941176470588 0.9482071713147411 
0.6392156862745098 0.5179282868525896 
0.6392156862745098 0.5338645418326693 
0.6392156862745098 0.5418326693227091 
0.6392156862745098 0.5657370517928287 
0.6392156862745098 0.6294820717131474 
0.6392156862745098 0.6733067729083665 
0.6392156862745098 0.7250996015936255 
0.6392156862745098 0.8645418326693227 
0.6431372549019608 0.10358565737051793 
0.6431372549019608 0.46215139442231074 
0.6431372549019608 0.47808764940239046 
0.6431372549019608 0.549800796812749 
0.6431372549019608 0.5617529880478087 
0.6431372549019608 0.5856573705179283 
0.6431372549019608 0.6254980079681275 
0.6431372549019608 0.6533864541832669 
0.6431372549019608 0.6972111553784861 
0.6431372549019608 0.7051792828685259 
0.6431372549019608 0.900398406374502 
0.6470588235294118 0.46613545816733065 
0.6470588235294118 0.4940239043824701 
0.6470588235294118 0.5219123505976095 
0.6470588235294118 0.5617529880478087 
0.6470588235294118 0.5776892430278885 
0.6470588235294118 0.5816733067729084 
0.6470588235294118 0.5896414342629482 
0.6470588235294118 0.601593625498008 
0.6470588235294118 0.6095617529880478 
0.6470588235294118 0.649402390438247 
0.6470588235294118 0.6772908366533864 
0.6470588235294118 0.6932270916334662 
0.6470588235294118 0.7330677290836654 
0.6470588235294118 0.7689243027888446 
0.6509803921568628 0.5179282868525896 
0.6509803921568628 0.5338645418326693 
0.6509803921568628 0.5418326693227091 
0.6509803921568628 0.549800796812749 
0.6509803921568628 0.5577689243027888 
0.6509803921568628 0.6254980079681275 
0.6509803921568628 0.6573705179282868 
0.6509803921568628 0.6812749003984063 
0.6509803921568628 0.7171314741035857 
0.6549019607843137 0.4940239043824701 
0.6549019607843137 0.5139442231075697 
0.6549019607843137 0.5219123505976095 
0.6549019607843137 0.5258964143426295 
0.6549019607843137 0.549800796812749 
0.6549019607843137 0.5776892430278885 
0.6549019607843137 0.5856573705179283 
0.6549019607843137 0.5896414342629482 
0.6549019607843137 0.6215139442231076 
0.6549019607843137 0.9282868525896414 
0.6588235294117647 0.5657370517928287 
0.6588235294117647 0.5737051792828686 
0.6588235294117647 0.601593625498008 
0.6588235294117647 0.6533864541832669 
0.6588235294117647 0.896414342629482 
0.6627450980392157 0.19123505976095617 
0.6627450980392157 0.549800796812749 
0.6627450980392157 0.5936254980079682 
0.6627450980392157 0.6095617529880478 
0.6627450980392157 0.6374501992031872 
0.6627450980392157 0.7370517928286853 
0.6666666666666666 0.06374501992031872 
0.6666666666666666 0.44223107569721115 
0.6666666666666666 0.5139442231075697 
0.6666666666666666 0.5936254980079682 
0.6705882352941176 0.22310756972111553 
0.6705882352941176 0.50199203187251 
0.6705882352941176 0.5617529880478087 
0.6705882352941176 0.5776892430278885 
0.6705882352941176 0.5896414342629482 
0.6705882352941176 0.6772908366533864 
0.6705882352941176 0.7450199203187251 
0.6745098039215687 0.50199203187251 
0.6745098039215687 0.5338645418326693 
0.6745098039215687 0.545816733067729 
0.6745098039215687 0.6055776892430279 
0.6745098039215687 0.6573705179282868 
0.6745098039215687 1.0 
0.6784313725490196 0.17131474103585656 
0.6784313725490196 0.5378486055776892 
0.6784313725490196 0.5657370517928287 
0.6784313725490196 0.5816733067729084 
0.6784313725490196 0.5856573705179283 
0.6784313725490196 0.5976095617529881 
0.6784313725490196 0.6095617529880478 
0.6784313725490196 0.7609561752988048 
0.6784313725490196 0.8286852589641435 
0.6784313725490196 0.8406374501992032 
0.6823529411764706 0.11952191235059761 
0.6823529411764706 0.4103585657370518 
0.6823529411764706 0.47808764940239046 
0.6823529411764706 0.49800796812749004 
0.6823529411764706 0.5737051792828686 
0.6823529411764706 0.6175298804780877 
0.6823529411764706 0.7091633466135459 
0.6862745098039216 0.2868525896414343 
0.6862745098039216 0.549800796812749 
0.6862745098039216 0.5537848605577689 
0.6862745098039216 0.649402390438247 
0.6862745098039216 0.6613545816733067 
0.6862745098039216 0.9920318725099602 
0.6901960784313725 0.5099601593625498 
0.6901960784313725 0.5776892430278885 
0.6901960784313725 0.601593625498008 
0.6901960784313725 0.701195219123506 
0.6941176470588235 0.00796812749003984 
0.6941176470588235 0.6215139442231076 
0.6941176470588235 0.6454183266932271 
0.6941176470588235 0.649402390438247 
0.6941176470588235 0.6733067729083665 
0.6941176470588235 0.7290836653386454 
0.6980392156862745 0.01593625498007968 
0.6980392156862745 0.5537848605577689 
0.6980392156862745 0.5936254980079682 
0.7019607843137254 0.7250996015936255 
0.7058823529411765 0.21115537848605578 
0.7058823529411765 0.46215139442231074 
0.7058823529411765 0.5537848605577689 
0.7058823529411765 0.5577689243027888 
0.7058823529411765 0.5776892430278885 
0.7098039215686275 0.50199203187251 
0.7098039215686275 0.5856573705179283 
0.7098039215686275 0.6653386454183267 
0.7098039215686275 0.6772908366533864 
0.7098039215686275 0.7928286852589641 
0.7137254901960784 0.3426294820717131 
0.7137254901960784 0.8127490039840638 
0.7176470588235294 0.5617529880478087 
0.7176470588235294 0.5657370517928287 
0.7176470588235294 0.5856573705179283 
0.7176470588235294 0.6215139442231076 
0.7176470588235294 0.6374501992031872 
0.7176470588235294 0.6613545816733067 
0.7215686274509804 0.549800796812749 
0.7215686274509804 0.6215139442231076 
0.7215686274509804 0.6653386454183267 
0.7254901960784313 0.5537848605577689 
0.7254901960784313 0.6573705179282868 
0.7254901960784313 0.7450199203187251 
0.7294117647058823 0.22709163346613545 
0.7294117647058823 0.7091633466135459 
0.7294117647058823 0.7211155378486056 
0.7294117647058823 0.7370517928286853 
0.7333333333333333 0.6175298804780877 
0.7333333333333333 0.6653386454183267 
0.7333333333333333 0.6852589641434262 
0.7372549019607844 0.2788844621513944 
0.7372549019607844 0.28286852589641437 
0.7372549019607844 0.46215139442231074 
0.7372549019607844 0.5617529880478087 
0.7372549019607844 0.5816733067729084 
0.7372549019607844 0.6733067729083665 
0.7372549019607844 0.9163346613545816 
0.7411764705882353 0.5537848605577689 
0.7450980392156863 0.09561752988047809 
0.7450980392156863 0.896414342629482 
0.7490196078431373 0.3784860557768924 
0.7490196078431373 0.6852589641434262 
0.7529411764705882 0.6812749003984063 
0.7568627450980392 0.00796812749003984 
0.7607843137254902 0.6334661354581673 
0.7607843137254902 0.9402390438247012 
0.7647058823529411 0.05976095617529881 
0.7647058823529411 0.12749003984063745 
0.7686274509803922 0.5537848605577689 
0.7686274509803922 0.9482071713147411 
0.7725490196078432 0.6533864541832669 
0.7725490196078432 0.896414342629482 
0.7764705882352941 0.2908366533864542 
0.7764705882352941 0.5099601593625498 
0.7843137254901961 0.13545816733067728 
0.7843137254901961 0.5617529880478087 
0.788235294117647 0.649402390438247 
0.792156862745098 0.04780876494023904 
0.8 0.6772908366533864 
0.8 0.7410358565737052 
0.807843137254902 0.1593625498007968 
0.807843137254902 0.2868525896414343 
0.8117647058823529 0.32270916334661354 
0.8117647058823529 0.4262948207171315 
0.8117647058823529 0.852589641434263 
0.8235294117647058 0.32270916334661354 
0.8235294117647058 0.9442231075697212 
0.8352941176470589 0.2151394422310757 
0.8352941176470589 0.4581673306772908 
0.8392156862745098 0.3545816733067729 
0.8392156862745098 0.6374501992031872 
0.8431372549019608 0.250996015936255 
0.8431372549019608 0.7091633466135459 
0.8509803921568627 0.16733067729083664 
0.8509803921568627 0.7290836653386454 
0.8509803921568627 0.8685258964143426 
0.8549019607843137 0.09163346613545817 
0.8549019607843137 0.40239043824701193 
0.8588235294117647 0.10756972111553785 
0.8627450980392157 0.05179282868525897 
0.8666666666666667 0.3386454183266932 
0.8666666666666667 0.3904382470119522 
0.8745098039215686 0.7410358565737052 
0.8745098039215686 0.796812749003984 
0.8823529411764706 0.2868525896414343 
0.8823529411764706 0.7131474103585658 
0.8862745098039215 0.5896414342629482 
0.8901960784313725 0.5418326693227091 
0.8941176470588236 0.0 
0.8941176470588236 0.07569721115537849 
0.8941176470588236 0.250996015936255 
0.9019607843137255 0.549800796812749 
0.9098039215686274 0.17928286852589642 
0.9098039215686274 0.3745019920318725 
0.9215686274509803 0.4063745019920319 
0.9294117647058824 0.10756972111553785 
0.9294117647058824 0.2948207171314741 
0.9490196078431372 0.9681274900398407 
0.9529411764705882 0.0 
0.9529411764705882 0.250996015936255 
0.9529411764705882 0.8127490039840638 
0.9568627450980393 0.3745019920318725 
0.9607843137254902 0.01593625498007968 
0.9607843137254902 0.6215139442231076 
0.9647058823529412 0.10756972111553785 
0.9647058823529412 0.7250996015936255 
0.9647058823529412 0.8605577689243028 
0.9647058823529412 0.8924302788844621 
0.9686274509803922 0.14741035856573706 
0.9686274509803922 0.19123505976095617 
0.9686274509803922 0.4063745019920319 
0.9725490196078431 0.5418326693227091 
0.9725490196078431 0.8127490039840638 
0.9764705882352941 0.16334661354581673 
0.9764705882352941 0.7569721115537849 
0.984313725490196 0.12350597609561753 
0.9882352941176471 0.5099601593625498 
0.9882352941176471 0.6852589641434262 
0.9882352941176471 0.9800796812749004 
0.9921568627450981 0.6135458167330677 
0.996078431372549 0.4701195219123506 
1.0 0.4342629482071713 
