811 2
0.4205128205128205 0.0 
0.3384615384615385 0.02 
0.14358974358974358 0.025 
0.48717948717948717 0.03 
0.38461538461538464 0.035 
0.3435897435897436 0.045 
0.2205128205128205 0.05 
0.14871794871794872 0.055 
0.2564102564102564 0.06 
0.1076923076923077 0.07 
0.15897435897435896 0.075 
0.2205128205128205 0.075 
0.3641025641025641 0.075 
0.005128205128205128 0.08 
0.14358974358974358 0.08 
0.17435897435897435 0.08 
0.20512820512820512 0.085 
0.14358974358974358 0.1 
0.24615384615384617 0.1 
0.14871794871794872 0.105 
0.23076923076923078 0.105 
0.2358974358974359 0.105 
0.27692307692307694 0.105 
0.3230769230769231 0.105 
0.3230769230769231 0.11 
0.15384615384615385 0.115 
0.09230769230769231 0.12 
0.1282051282051282 0.12 
0.13333333333333333 0.12 
0.1794871794871795 0.12 
0.2153846153846154 0.12 
0.11794871794871795 0.125 
0.1794871794871795 0.125 
0.29743589743589743 0.125 
0.09743589743589744 0.14 
0.13333333333333333 0.14 
0.18461538461538463 0.14 
0.2923076923076923 0.14 
0.3230769230769231 0.14 
0.38461538461538464 0.14 
0.14358974358974358 0.145 
0.16923076923076924 0.145 
0.20512820512820512 0.15 
0.26666666666666666 0.15 
0.18974358974358974 0.155 
0.38974358974358975 0.155 
0.1076923076923077 0.16 
0.2 0.16 
0.358974358974359 0.16 
0.15384615384615385 0.165 
0.08717948717948718 0.17 
0.23076923076923078 0.17 
0.4307692307692308 0.17 
0.10256410256410256 0.175 
0.1794871794871795 0.175 
0.24615384615384617 0.175 
0.3128205128205128 0.175 
0.31794871794871793 0.175 
0.13333333333333333 0.18 
0.21025641025641026 0.18 
0.2153846153846154 0.18 
0.24615384615384617 0.18 
0.3333333333333333 0.18 
0.09743589743589744 0.185 
0.20512820512820512 0.185 
0.035897435897435895 0.19 
0.18974358974358974 0.19 
0.22564102564102564 0.19 
0.2512820512820513 0.19 
0.30256410256410254 0.19 
0.0 0.195 
0.15897435897435896 0.195 
0.26153846153846155 0.195 
0.2923076923076923 0.195 
0.3333333333333333 0.195 
0.3641025641025641 0.195 
0.08717948717948718 0.2 
0.2205128205128205 0.2 
0.31794871794871793 0.2 
0.3282051282051282 0.2 
0.16923076923076924 0.205 
0.2205128205128205 0.205 
0.2512820512820513 0.205 
0.2564102564102564 0.205 
0.30256410256410254 0.205 
0.3076923076923077 0.205 
0.1282051282051282 0.21 
0.2564102564102564 0.21 
0.2717948717948718 0.21 
0.06153846153846154 0.215 
0.20512820512820512 0.215 
0.2153846153846154 0.215 
0.24102564102564103 0.215 
0.2564102564102564 0.215 
0.1282051282051282 0.22 
0.15897435897435896 0.22 
0.1641025641025641 0.22 
0.1794871794871795 0.22 
0.2358974358974359 0.22 
0.27692307692307694 0.22 
0.3128205128205128 0.22 
0.06153846153846154 0.225 
0.2358974358974359 0.225 
0.18974358974358974 0.23 
0.19487179487179487 0.23 
0.21025641025641026 0.23 
0.26153846153846155 0.23 
0.2 0.235 
0.29743589743589743 0.235 
0.1282051282051282 0.24 
0.1794871794871795 0.24 
0.26666666666666666 0.24 
0.17435897435897435 0.245 
0.1794871794871795 0.245 
0.24102564102564103 0.245 
0.2564102564102564 0.245 
0.31794871794871793 0.245 
0.03076923076923077 0.25 
0.041025641025641026 0.25 
0.15897435897435896 0.25 
0.21025641025641026 0.25 
0.2358974358974359 0.25 
0.28717948717948716 0.25 
0.40512820512820513 0.25 
0.17435897435897435 0.255 
0.2564102564102564 0.26 
0.07692307692307693 0.265 
0.1282051282051282 0.265 
0.1641025641025641 0.265 
0.19487179487179487 0.265 
0.3282051282051282 0.265 
0.3641025641025641 0.265 
0.08205128205128205 0.27 
0.18974358974358974 0.27 
0.26153846153846155 0.27 
0.3282051282051282 0.27 
0.3641025641025641 0.27 
0.4256410256410256 0.27 
0.15384615384615385 0.275 
0.2358974358974359 0.275 
0.2512820512820513 0.275 
0.2923076923076923 0.275 
0.3076923076923077 0.275 
0.02564102564102564 0.28 
0.12307692307692308 0.285 
0.046153846153846156 0.29 
0.21025641025641026 0.29 
0.30256410256410254 0.29 
0.26153846153846155 0.295 
0.46153846153846156 0.295 
0.15897435897435896 0.3 
0.17435897435897435 0.3 
0.2564102564102564 0.3 
0.2923076923076923 0.3 
0.3487179487179487 0.3 
0.08717948717948718 0.305 
0.17435897435897435 0.305 
0.19487179487179487 0.305 
0.21025641025641026 0.305 
0.28717948717948716 0.305 
0.14871794871794872 0.31 
0.2564102564102564 0.31 
0.3282051282051282 0.31 
0.11282051282051282 0.315 
0.1282051282051282 0.315 
0.21025641025641026 0.315 
0.5230769230769231 0.315 
0.1794871794871795 0.32 
0.18974358974358974 0.32 
0.2153846153846154 0.325 
0.2358974358974359 0.325 
0.38461538461538464 0.325 
0.48205128205128206 0.325 
0.11282051282051282 0.33 
0.5076923076923077 0.33 
0.558974358974359 0.33 
0.09743589743589744 0.335 
0.17435897435897435 0.335 
0.4256410256410256 0.34 
0.1794871794871795 0.345 
0.2 0.345 
0.2358974358974359 0.345 
0.4307692307692308 0.345 
0.441025641025641 0.345 
0.18974358974358974 0.35 
0.24615384615384617 0.35 
0.36923076923076925 0.35 
0.4256410256410256 0.35 
0.49743589743589745 0.35 
0.15897435897435896 0.355 
0.28717948717948716 0.355 
0.30256410256410254 0.355 
0.38461538461538464 0.355 
0.1076923076923077 0.36 
0.19487179487179487 0.36 
0.38974358974358975 0.365 
0.4307692307692308 0.365 
0.4512820512820513 0.365 
0.47692307692307695 0.365 
0.1641025641025641 0.37 
0.38974358974358975 0.37 
0.47692307692307695 0.37 
0.358974358974359 0.375 
0.37435897435897436 0.375 
0.37948717948717947 0.375 
0.38461538461538464 0.375 
0.40512820512820513 0.375 
0.4205128205128205 0.375 
0.46153846153846156 0.375 
0.1641025641025641 0.38 
0.7794871794871795 0.38 
0.20512820512820512 0.385 
0.3641025641025641 0.385 
0.37948717948717947 0.385 
0.38461538461538464 0.385 
0.40512820512820513 0.385 
0.47692307692307695 0.385 
0.5076923076923077 0.385 
0.41025641025641024 0.39 
0.4461538461538462 0.39 
0.5076923076923077 0.39 
0.2512820512820513 0.395 
0.2717948717948718 0.395 
0.36923076923076925 0.395 
0.4153846153846154 0.395 
0.49230769230769234 0.395 
0.358974358974359 0.4 
0.3641025641025641 0.4 
0.4307692307692308 0.4 
0.4358974358974359 0.4 
0.4717948717948718 0.4 
0.5282051282051282 0.4 
0.29743589743589743 0.405 
0.37948717948717947 0.405 
0.4153846153846154 0.405 
0.4205128205128205 0.405 
0.3128205128205128 0.41 
0.3333333333333333 0.41 
0.3641025641025641 0.41 
0.39487179487179486 0.41 
0.41025641025641024 0.41 
0.4256410256410256 0.41 
0.441025641025641 0.41 
0.4461538461538462 0.41 
0.46153846153846156 0.41 
0.4666666666666667 0.41 
0.48205128205128206 0.41 
0.49743589743589745 0.41 
0.358974358974359 0.415 
0.4 0.415 
0.4256410256410256 0.415 
0.441025641025641 0.415 
0.4666666666666667 0.415 
0.4717948717948718 0.415 
0.47692307692307695 0.415 
0.3435897435897436 0.42 
0.4205128205128205 0.42 
0.4358974358974359 0.42 
0.441025641025641 0.42 
0.4512820512820513 0.42 
0.3435897435897436 0.425 
0.37948717948717947 0.425 
0.39487179487179486 0.425 
0.40512820512820513 0.425 
0.4307692307692308 0.425 
0.4512820512820513 0.425 
0.4717948717948718 0.425 
0.41025641025641024 0.43 
0.4153846153846154 0.43 
0.4205128205128205 0.43 
0.46153846153846156 0.43 
0.4 0.435 
0.40512820512820513 0.435 
0.4461538461538462 0.435 
0.3282051282051282 0.44 
0.3333333333333333 0.44 
0.39487179487179486 0.44 
0.4 0.44 
0.4205128205128205 0.44 
0.517948717948718 0.44 
0.35384615384615387 0.445 
0.39487179487179486 0.445 
0.41025641025641024 0.445 
0.441025641025641 0.445 
0.47692307692307695 0.445 
0.49743589743589745 0.445 
0.35384615384615387 0.45 
0.41025641025641024 0.45 
0.4307692307692308 0.45 
0.441025641025641 0.45 
0.4461538461538462 0.45 
0.46153846153846156 0.45 
0.4666666666666667 0.45 
0.47692307692307695 0.45 
0.7076923076923077 0.45 
0.3282051282051282 0.455 
0.3384615384615385 0.46 
0.4461538461538462 0.46 
0.4666666666666667 0.46 
0.7230769230769231 0.46 
0.2923076923076923 0.465 
0.358974358974359 0.465 
0.39487179487179486 0.465 
0.41025641025641024 0.465 
0.4205128205128205 0.465 
0.441025641025641 0.465 
0.4564102564102564 0.465 
0.46153846153846156 0.465 
0.48717948717948717 0.465 
0.7538461538461538 0.465 
0.8051282051282052 0.465 
0.37948717948717947 0.47 
0.38974358974358975 0.47 
0.4205128205128205 0.47 
0.441025641025641 0.47 
0.40512820512820513 0.475 
0.41025641025641024 0.475 
0.4205128205128205 0.475 
0.36923076923076925 0.48 
0.4 0.48 
0.40512820512820513 0.485 
0.4153846153846154 0.485 
0.4307692307692308 0.485 
0.5282051282051282 0.485 
0.39487179487179486 0.49 
0.41025641025641024 0.49 
0.4358974358974359 0.49 
0.4666666666666667 0.49 
0.36923076923076925 0.495 
0.41025641025641024 0.495 
0.39487179487179486 0.5 
0.40512820512820513 0.5 
0.5076923076923077 0.5 
0.9333333333333333 0.5 
0.39487179487179486 0.505 
0.6666666666666666 0.505 
0.4512820512820513 0.51 
0.7846153846153846 0.51 
0.46153846153846156 0.515 
0.6205128205128205 0.515 
0.6358974358974359 0.515 
0.49743589743589745 0.52 
0.7025641025641025 0.52 
0.8512820512820513 0.52 
0.6564102564102564 0.525 
0.7794871794871795 0.525 
0.8358974358974359 0.53 
1.0 0.53 
0.6564102564102564 0.535 
0.6717948717948717 0.535 
0.6820512820512821 0.535 
0.8974358974358975 0.535 
0.7589743589743589 0.54 
0.7794871794871795 0.54 
0.46153846153846156 0.545 
0.6564102564102564 0.545 
0.8102564102564103 0.545 
0.8153846153846154 0.545 
0.8564102564102564 0.545 
0.882051282051282 0.545 
0.6974358974358974 0.55 
0.7333333333333333 0.55 
0.6615384615384615 0.555 
0.7128205128205128 0.555 
0.7692307692307693 0.56 
0.6717948717948717 0.565 
0.6205128205128205 0.57 
0.6717948717948717 0.575 
0.7333333333333333 0.575 
0.7692307692307693 0.575 
0.8564102564102564 0.575 
0.8769230769230769 0.575 
0.517948717948718 0.58 
0.6564102564102564 0.58 
0.6871794871794872 0.58 
0.7333333333333333 0.58 
0.5743589743589743 0.585 
0.717948717948718 0.585 
0.8051282051282052 0.585 
0.8461538461538461 0.585 
0.5641025641025641 0.59 
0.6461538461538462 0.59 
0.7282051282051282 0.595 
0.6410256410256411 0.6 
0.6564102564102564 0.6 
0.7435897435897436 0.6 
0.7589743589743589 0.6 
0.7692307692307693 0.6 
0.8256410256410256 0.6 
0.9230769230769231 0.6 
0.5948717948717949 0.605 
0.6615384615384615 0.605 
0.7230769230769231 0.605 
0.7435897435897436 0.605 
0.7487179487179487 0.605 
0.7589743589743589 0.605 
0.7897435897435897 0.605 
0.8153846153846154 0.605 
0.8358974358974359 0.605 
0.6512820512820513 0.61 
0.6974358974358974 0.61 
0.8358974358974359 0.61 
0.6666666666666666 0.615 
0.7025641025641025 0.615 
0.8051282051282052 0.615 
0.8205128205128205 0.615 
0.9692307692307692 0.615 
0.517948717948718 0.62 
0.6051282051282051 0.62 
0.6410256410256411 0.62 
0.6461538461538462 0.62 
0.6666666666666666 0.62 
0.6923076923076923 0.62 
0.7282051282051282 0.62 
0.5641025641025641 0.625 
0.6307692307692307 0.625 
0.6923076923076923 0.625 
0.7692307692307693 0.625 
0.8102564102564103 0.625 
0.5230769230769231 0.63 
0.8102564102564103 0.63 
0.6871794871794872 0.635 
0.8102564102564103 0.635 
0.8205128205128205 0.635 
0.8461538461538461 0.635 
0.6102564102564103 0.64 
0.6358974358974359 0.64 
0.6461538461538462 0.64 
0.6564102564102564 0.64 
0.6974358974358974 0.64 
0.7025641025641025 0.64 
0.764102564102564 0.64 
0.7948717948717948 0.64 
0.8051282051282052 0.64 
0.8358974358974359 0.64 
0.8974358974358975 0.64 
0.49743589743589745 0.645 
0.6564102564102564 0.645 
0.6820512820512821 0.645 
0.7282051282051282 0.645 
0.7435897435897436 0.645 
0.7692307692307693 0.645 
0.6717948717948717 0.65 
0.6974358974358974 0.65 
0.717948717948718 0.65 
0.7282051282051282 0.65 
0.7333333333333333 0.65 
0.7384615384615385 0.65 
0.7435897435897436 0.65 
0.7589743589743589 0.65 
0.7794871794871795 0.65 
0.49230769230769234 0.655 
0.6512820512820513 0.655 
0.7025641025641025 0.655 
0.717948717948718 0.655 
0.7794871794871795 0.655 
0.9025641025641026 0.655 
0.6205128205128205 0.66 
0.6461538461538462 0.66 
0.6820512820512821 0.66 
0.7128205128205128 0.66 
0.8717948717948718 0.66 
0.5897435897435898 0.665 
0.6256410256410256 0.665 
0.6666666666666666 0.665 
0.6717948717948717 0.665 
0.6871794871794872 0.665 
0.7025641025641025 0.665 
0.6 0.67 
0.6256410256410256 0.67 
0.6820512820512821 0.67 
0.6871794871794872 0.67 
0.7025641025641025 0.67 
0.7435897435897436 0.67 
0.7794871794871795 0.67 
0.8461538461538461 0.67 
0.8871794871794871 0.67 
0.9435897435897436 0.67 
0.5743589743589743 0.675 
0.6153846153846154 0.675 
0.6871794871794872 0.675 
0.6923076923076923 0.675 
0.7589743589743589 0.675 
0.8051282051282052 0.675 
0.8256410256410256 0.675 
0.8307692307692308 0.675 
0.8769230769230769 0.675 
0.9025641025641026 0.675 
0.5128205128205128 0.68 
0.6461538461538462 0.68 
0.6974358974358974 0.68 
0.717948717948718 0.68 
0.7230769230769231 0.68 
0.7282051282051282 0.68 
0.7589743589743589 0.68 
0.8256410256410256 0.68 
0.8461538461538461 0.68 
0.6102564102564103 0.685 
0.6358974358974359 0.685 
0.717948717948718 0.685 
0.8256410256410256 0.685 
0.8307692307692308 0.685 
0.9384615384615385 0.685 
0.5487179487179488 0.69 
0.6307692307692307 0.69 
0.6358974358974359 0.69 
0.6974358974358974 0.69 
0.7025641025641025 0.69 
0.7384615384615385 0.69 
0.764102564102564 0.69 
0.8153846153846154 0.69 
0.8923076923076924 0.69 
0.5128205128205128 0.695 
0.5230769230769231 0.695 
0.6512820512820513 0.695 
0.6717948717948717 0.695 
0.7230769230769231 0.695 
0.7743589743589744 0.695 
0.7794871794871795 0.695 
0.7897435897435897 0.695 
0.8051282051282052 0.695 
0.8461538461538461 0.695 
0.8769230769230769 0.695 
0.9538461538461539 0.695 
0.6 0.7 
0.7333333333333333 0.7 
0.7384615384615385 0.7 
0.8307692307692308 0.7 
0.841025641025641 0.7 
0.676923076923077 0.705 
0.6820512820512821 0.705 
0.7333333333333333 0.705 
0.7538461538461538 0.705 
0.764102564102564 0.705 
0.7692307692307693 0.705 
0.7794871794871795 0.705 
0.8153846153846154 0.705 
0.8205128205128205 0.705 
0.6256410256410256 0.71 
0.6410256410256411 0.71 
0.7282051282051282 0.71 
0.7384615384615385 0.71 
0.7692307692307693 0.71 
0.7846153846153846 0.71 
0.8051282051282052 0.71 
0.5743589743589743 0.715 
0.6153846153846154 0.715 
0.717948717948718 0.715 
0.7282051282051282 0.715 
0.7384615384615385 0.715 
0.7538461538461538 0.715 
0.7692307692307693 0.715 
0.5743589743589743 0.72 
0.6358974358974359 0.72 
0.6410256410256411 0.72 
0.6717948717948717 0.72 
0.676923076923077 0.72 
0.6871794871794872 0.72 
0.6923076923076923 0.72 
0.7487179487179487 0.72 
0.7897435897435897 0.72 
0.8 0.72 
0.8256410256410256 0.72 
0.8564102564102564 0.72 
0.5692307692307692 0.725 
0.5743589743589743 0.725 
0.7333333333333333 0.725 
0.7487179487179487 0.725 
0.7794871794871795 0.725 
0.8205128205128205 0.725 
0.5948717948717949 0.73 
0.6051282051282051 0.73 
0.6256410256410256 0.73 
0.7025641025641025 0.73 
0.7076923076923077 0.73 
0.7230769230769231 0.73 
0.764102564102564 0.73 
0.7743589743589744 0.73 
0.7897435897435897 0.73 
0.8102564102564103 0.73 
0.8871794871794871 0.73 
0.9692307692307692 0.73 
0.5692307692307692 0.735 
0.7128205128205128 0.735 
0.7230769230769231 0.735 
0.8 0.735 
0.8102564102564103 0.735 
0.8923076923076924 0.735 
0.6410256410256411 0.74 
0.6923076923076923 0.74 
0.7025641025641025 0.74 
0.7230769230769231 0.74 
0.7794871794871795 0.74 
0.8051282051282052 0.74 
0.8974358974358975 0.74 
0.5897435897435898 0.745 
0.6871794871794872 0.745 
0.6923076923076923 0.745 
0.7076923076923077 0.745 
0.7538461538461538 0.745 
0.7692307692307693 0.745 
0.8307692307692308 0.745 
0.8358974358974359 0.745 
0.8871794871794871 0.745 
0.9179487179487179 0.745 
0.5435897435897435 0.75 
0.5538461538461539 0.75 
0.6461538461538462 0.75 
0.6717948717948717 0.75 
0.7025641025641025 0.75 
0.7230769230769231 0.75 
0.7435897435897436 0.75 
0.7487179487179487 0.75 
0.7948717948717948 0.75 
0.8 0.75 
0.9179487179487179 0.75 
0.9435897435897436 0.75 
0.5846153846153846 0.755 
0.6358974358974359 0.755 
0.6512820512820513 0.755 
0.6871794871794872 0.755 
0.6974358974358974 0.755 
0.7230769230769231 0.755 
0.7692307692307693 0.755 
0.7794871794871795 0.755 
0.882051282051282 0.755 
0.6512820512820513 0.76 
0.717948717948718 0.76 
0.7589743589743589 0.76 
0.764102564102564 0.76 
0.7692307692307693 0.76 
0.7794871794871795 0.76 
0.5384615384615384 0.765 
0.5538461538461539 0.765 
0.5897435897435898 0.765 
0.6256410256410256 0.765 
0.6410256410256411 0.765 
0.676923076923077 0.765 
0.7076923076923077 0.765 
0.8205128205128205 0.765 
0.841025641025641 0.765 
0.8769230769230769 0.765 
0.5743589743589743 0.77 
0.5948717948717949 0.77 
0.7025641025641025 0.77 
0.7743589743589744 0.77 
0.841025641025641 0.77 
0.8769230769230769 0.77 
0.9384615384615385 0.77 
0.9743589743589743 0.77 
0.39487179487179486 0.775 
0.6256410256410256 0.775 
0.6410256410256411 0.775 
0.6666666666666666 0.775 
0.7025641025641025 0.775 
0.7076923076923077 0.775 
0.7128205128205128 0.775 
0.7487179487179487 0.775 
0.764102564102564 0.775 
0.8051282051282052 0.775 
0.8205128205128205 0.775 
0.5384615384615384 0.78 
0.6 0.78 
0.6410256410256411 0.78 
0.6461538461538462 0.78 
0.6923076923076923 0.78 
0.8153846153846154 0.78 
0.8256410256410256 0.78 
0.4512820512820513 0.785 
0.558974358974359 0.785 
0.5948717948717949 0.785 
0.6358974358974359 0.785 
0.6410256410256411 0.785 
0.7538461538461538 0.785 
0.7846153846153846 0.785 
0.7897435897435897 0.785 
0.7948717948717948 0.785 
0.8512820512820513 0.785 
0.558974358974359 0.79 
0.6974358974358974 0.79 
0.7076923076923077 0.79 
0.7230769230769231 0.79 
0.7589743589743589 0.79 
0.7794871794871795 0.79 
0.8153846153846154 0.79 
0.8923076923076924 0.79 
0.9128205128205128 0.79 
0.6307692307692307 0.795 
0.6512820512820513 0.795 
0.6615384615384615 0.795 
0.6923076923076923 0.795 
0.7743589743589744 0.795 
0.8974358974358975 0.795 
0.5794871794871795 0.8 
0.6717948717948717 0.8 
0.6871794871794872 0.8 
0.717948717948718 0.8 
0.7692307692307693 0.8 
0.8051282051282052 0.8 
0.8615384615384616 0.8 
0.8717948717948718 0.8 
0.5641025641025641 0.805 
0.6 0.805 
0.6358974358974359 0.805 
0.6871794871794872 0.805 
0.7076923076923077 0.805 
0.7128205128205128 0.805 
0.7230769230769231 0.805 
0.7384615384615385 0.805 
0.7487179487179487 0.805 
0.8 0.805 
0.8358974358974359 0.805 
0.8564102564102564 0.805 
0.9076923076923077 0.805 
0.6307692307692307 0.81 
0.6512820512820513 0.81 
0.6615384615384615 0.81 
0.6717948717948717 0.81 
0.6820512820512821 0.81 
0.7692307692307693 0.81 
0.8102564102564103 0.81 
0.841025641025641 0.81 
0.8871794871794871 0.81 
0.6 0.815 
0.6256410256410256 0.815 
0.6358974358974359 0.815 
0.6410256410256411 0.815 
0.6717948717948717 0.815 
0.7076923076923077 0.815 
0.717948717948718 0.815 
0.7230769230769231 0.815 
0.764102564102564 0.815 
0.6923076923076923 0.82 
0.7025641025641025 0.82 
0.8051282051282052 0.82 
0.6717948717948717 0.825 
0.7282051282051282 0.825 
0.7487179487179487 0.825 
0.7846153846153846 0.825 
0.9128205128205128 0.825 
0.6256410256410256 0.83 
0.7282051282051282 0.83 
0.6102564102564103 0.835 
0.6871794871794872 0.835 
0.7076923076923077 0.835 
0.7230769230769231 0.835 
0.9230769230769231 0.835 
0.6102564102564103 0.84 
0.6512820512820513 0.84 
0.6666666666666666 0.84 
0.7435897435897436 0.84 
0.8102564102564103 0.84 
0.6564102564102564 0.845 
0.6923076923076923 0.845 
0.7128205128205128 0.845 
0.717948717948718 0.845 
0.7333333333333333 0.845 
0.7487179487179487 0.845 
0.9435897435897436 0.845 
0.49230769230769234 0.85 
0.5794871794871795 0.85 
0.6051282051282051 0.85 
0.7025641025641025 0.85 
0.7589743589743589 0.85 
0.8769230769230769 0.85 
0.6717948717948717 0.855 
0.676923076923077 0.855 
0.8 0.855 
0.8153846153846154 0.855 
0.6205128205128205 0.86 
0.7076923076923077 0.86 
0.7384615384615385 0.86 
0.8666666666666667 0.86 
0.764102564102564 0.865 
0.7948717948717948 0.865 
0.8 0.865 
0.8307692307692308 0.865 
0.676923076923077 0.87 
0.7282051282051282 0.87 
0.8974358974358975 0.875 
0.558974358974359 0.88 
0.676923076923077 0.88 
0.6820512820512821 0.88 
0.7076923076923077 0.88 
0.6102564102564103 0.885 
0.717948717948718 0.885 
0.6871794871794872 0.895 
0.6923076923076923 0.895 
0.717948717948718 0.895 
0.764102564102564 0.895 
0.7846153846153846 0.895 
0.8153846153846154 0.895 
0.6717948717948717 0.9 
0.764102564102564 0.9 
0.8205128205128205 0.9 
0.676923076923077 0.905 
0.8102564102564103 0.905 
0.9230769230769231 0.905 
0.8769230769230769 0.91 
0.8923076923076924 0.91 
0.7589743589743589 0.915 
0.8461538461538461 0.915 
0.6871794871794872 0.92 
0.7128205128205128 0.92 
0.8307692307692308 0.92 
0.676923076923077 0.925 
0.8461538461538461 0.935 
0.841025641025641 0.94 
0.7794871794871795 0.95 
0.8051282051282052 0.965 
0.9179487179487179 1.0 
